8.880939387695294673e-01
8.909004746177343614e-01
8.909909120417278672e-01
8.910864547490343623e-01
8.910622805218941789e-01
8.910254446493101055e-01
8.909877057169124370e-01
8.909136559615916662e-01
8.909126695725457790e-01
8.909137109636793284e-01
8.909146701331622786e-01
8.909142590203414924e-01
8.909120665146189610e-01
8.909083120721302818e-01
8.909036259813983838e-01
8.908985288022551741e-01
8.908936235881625976e-01
8.908892389391653843e-01
8.908855667907938924e-01
8.908826618563154831e-01
8.908802777501251269e-01
8.908782500289981199e-01
8.908764411902414526e-01
8.908747148546629635e-01
8.908729885216436495e-01
8.908711796910597780e-01
8.908693986438960266e-01
8.908676720381463188e-01
8.908659732154849964e-01
8.908643563337143023e-01
8.908628216731039329e-01
8.908614242329477850e-01
8.908601087325817014e-01
8.908589029520879166e-01
8.908577793914020937e-01
8.908567655499850524e-01
8.908557789285183048e-01
8.908548748068503276e-01
8.908539429056422376e-01
8.908530387853990096e-01
8.908521891038246876e-01
8.908514219215886154e-01
8.908506547398570286e-01
8.908499147775624794e-01
8.908492023152577710e-01
8.908485445717925222e-01
8.908479143281896606e-01
8.908472565854519409e-01
8.908466263425454112e-01
8.908459960999808303e-01
8.908454205760123479e-01
8.908447903341003560e-01
8.908442148107287295e-01
8.908436667870313075e-01
8.908431462629698983e-01
8.908426529579013264e-01
8.908421596530426978e-01
8.908416663483920139e-01
8.908411458252250004e-01
8.908406525210038618e-01
8.908402414343135067e-01
8.908398031290726271e-01
8.908393920426813661e-01
8.908389262384817098e-01
8.908384604344692370e-01
8.908380218492942815e-01
8.908376107635318508e-01
8.908371996779145263e-01
8.908368160916710909e-01
8.908364600047742332e-01
8.908360489195632503e-01
8.908834018394201637e-01
8.908834840597935623e-01
8.908827715769505051e-01
8.908795377690056361e-01
8.908741940361093459e-01
8.908677270380621627e-01
8.908612047957098490e-01
8.908553953361544320e-01
8.908507369579191648e-01
8.908473663027510758e-01
8.908450644864842616e-01
8.908435298512986655e-01
8.908424885229254686e-01
8.908416391296550829e-01
8.908407622376814938e-01
8.908398303477674807e-01
8.456252967939611453e-01
8.488193514851447574e-01
8.480972114884475221e-01
8.482423200092533699e-01
8.483590695143949922e-01
8.484429900455185969e-01
8.484971895795243579e-01
8.485288972469925417e-01
8.485457943151551996e-01
8.385217086607288373e-01
8.379457000537501310e-01
8.373571358824254407e-01
8.367694623101545881e-01
8.342074033923940757e-01
8.350168890522060572e-01
8.349821000351804745e-01
8.349497373348292451e-01
8.349695563072945248e-01
8.349868985372376207e-01
8.353116503772194390e-01
8.355104980424536976e-01
8.354601434180516373e-01
8.353951296298457452e-01
8.351260883112784361e-01
8.351174032364133692e-01
8.351081701954545800e-01
8.352494364393775461e-01
8.353186415531475006e-01
8.353579021702645102e-01
8.353649719133162677e-01
8.353461629984310077e-01
8.353109459730486686e-01
8.351506055455749644e-01
8.352245515897478434e-01
8.352759387000598945e-01
8.352958159513114156e-01
8.352883555956395201e-01
8.352622179075319675e-01
8.352261168091058563e-01
7.958803541556302985e-01
7.941131369691978303e-01
7.862339907573568931e-01
7.862797429094822155e-01
7.863350619334305014e-01
7.863757871258229004e-01
7.863988528165112291e-01
7.864060767496594551e-01
7.864016675452044636e-01
7.863904334185040090e-01
7.866149897775469579e-01
7.869174234924728450e-01
7.868547964843407572e-01
7.861901828777857482e-01
7.860075754654095581e-01
7.858840294727982290e-01
7.859487385207927224e-01
7.859887263281302161e-01
7.860242833732038470e-01
7.860546126159917435e-01
7.860796880941268716e-01
7.861000331893452930e-01
7.861078274978156033e-01
7.860960735829298773e-01
7.860693540334552365e-01
7.860553347395895507e-01
7.860566045768087040e-01
7.860578744155964914e-01
7.860591445109422759e-01
7.860603896189862771e-01
7.860568784334744930e-01
7.860570031224276555e-01
7.860585220849808374e-01
7.168594953687357219e-01
7.064887840615086123e-01
7.060115716504581362e-01
7.055275447680102729e-01
7.012989104715399158e-01
7.013633556558130921e-01
7.014093646629625534e-01
7.014338308271172995e-01
7.014387604568124157e-01
7.014294488005007322e-01
7.014114186757296476e-01
7.013342361563021932e-01
7.013556420262875291e-01
7.013615300660358542e-01
7.013663225974913207e-01
7.013698370897429868e-01
7.013721649020223659e-01
7.013734885397099328e-01
7.013742188314486814e-01
7.013908329503883987e-01
7.013927044033554381e-01
7.013647706539741788e-01
7.013387090984470884e-01
7.013129219204837783e-01
7.013250622648803390e-01
7.013334145263370178e-01
7.013384352203738681e-01
7.012912887501262515e-01
7.011222569083406242e-01
7.011473541700704581e-01
7.011688928235236817e-01
7.011866899068585068e-01
7.012010190390290942e-01
7.012126102203726230e-01
7.012221937512979064e-01
7.013391196820260021e-01
7.013518081372610569e-01
7.013628536883690368e-01
7.013720279579780392e-01
7.013795134055273994e-01
7.013855383109381947e-01
7.128312937130288907e-01
7.167618955891872368e-01
7.252320491185250129e-01
7.639924872766001851e-01
7.580611478171169759e-01
7.581091526397704117e-01
7.580842780363221678e-01
7.580849077497171518e-01
7.581009902545329249e-01
7.581202216955473805e-01
7.581354083962126289e-01
7.581465747257059018e-01
7.581535263378244016e-01
7.581563844326224544e-01
7.581557063071543423e-01
7.581524121717128084e-01
7.581476405189970791e-01
7.581421662179950172e-01
7.581367648678639659e-01
7.581318236392373677e-01
7.581275121757187208e-01
7.581237580454620595e-01
7.581205607460833606e-01
7.581176541417835590e-01
7.581149898653422037e-01
7.581124949959539006e-01
7.581101457221616213e-01
7.581077962059161734e-01
7.581055193655498181e-01
7.581033881187367873e-01
7.581012806864729781e-01
7.580992947884754862e-01
7.580973813161508978e-01
7.580955888808122989e-01
7.580938450603648127e-01
7.580921739123164249e-01
7.580905994940262405e-01
7.580890493839438360e-01
7.580875719452794259e-01
7.580861428720719886e-01
7.580847624121272998e-01
7.580834303172276911e-01
7.580821222816397364e-01
7.580808628587902831e-01
7.580796277430168484e-01
7.580784650490931531e-01
7.580772782991294090e-01
7.580761642187432425e-01
7.580750258342465742e-01
7.580738633937362803e-01
7.580727490691756554e-01
7.580716109366154587e-01
7.580705209198410621e-01
7.580694552094914274e-01
7.580683895002878758e-01
7.580673964597439696e-01
7.580664036682069895e-01
7.580654832970263879e-01
7.580645386215940640e-01
7.580636182521456323e-01
7.580626978835515173e-01
7.580617534587859030e-01
7.580608330919238469e-01
7.580599127259173287e-01
7.580574906619822473e-01
7.580468583028849849e-01
7.580272166023372948e-01
7.580017627538847558e-01
7.578727601364136923e-01
7.578685467532840780e-01
7.578645513459695282e-01
7.578607010115133713e-01
7.578570688962303903e-01
7.578537757535170893e-01
7.578508456318994169e-01
7.578483273757172789e-01
7.578461964341209889e-01
7.578444047011113627e-01
7.578429759786063924e-01
7.578418621616580531e-01
7.578409419990467244e-01
7.578402638414843961e-01
7.578398038847916629e-01
7.578394889819503044e-01
7.578395859323419081e-01
7.578347431354980346e-01
7.578220306274812135e-01
7.578035798045592575e-01
7.577168751597587182e-01
7.577153256343330812e-01
7.577144782308942172e-01
7.577138970980010768e-01
7.577133645584304134e-01
7.577129773021811232e-01
7.577126624396580690e-01
7.577126140946337518e-01
7.577129046606615459e-01
7.577135341380391020e-01
7.577145268239328102e-01
7.577159067680644400e-01
7.577176499233808649e-01
7.577196836497807064e-01
7.577219839002773405e-01
7.577245018352699590e-01
7.577271893586117191e-01
7.577299735809811532e-01
7.577328307020819720e-01
7.577358085728410630e-01
7.577388350467848532e-01
7.577418374807168844e-01
7.577449366169471956e-01
7.577480357628744168e-01
7.577511832654034718e-01
7.577544034224932279e-01
7.577576238379863938e-01
7.577605534359236339e-01
7.577645243739736802e-01
7.577707954438653859e-01
7.577797782696129580e-01
7.577908679444179674e-01
7.578023690851494187e-01
7.578134106629330624e-01
7.578229993708871515e-01
7.578309898664504773e-01
7.578372613571476846e-01
7.578422980676078335e-01
7.578464627395802289e-01
7.578501193637794398e-01
7.578535091981334348e-01
7.578566813358353915e-01
7.578598051314857642e-01
7.578629046368270394e-01
7.578653262251084932e-01
7.578680381828862833e-01
7.578741889018753009e-01
7.578852067315502428e-01
7.578998571905828374e-01
7.579157187227473225e-01
7.579309508929140682e-01
7.579443184769487640e-01
7.579549256813019609e-01
7.579629415436485163e-01
7.579687052476533626e-01
7.579729190567742192e-01
7.579761401827178613e-01
7.579788040858395082e-01
7.579812257094432626e-01
7.579834779611008821e-01
7.579856578043462356e-01
7.579877404394950169e-01
7.579895083764819352e-01
7.579910583308481220e-01
7.579922692808821472e-01
7.579932136394211817e-01
7.579938432949449023e-01
7.579942792677715202e-01
7.579945215576447959e-01
7.579946425786069364e-01
7.579945942198185183e-01
7.579944729508687473e-01
7.579942792677715202e-01
7.579939645638175127e-01
7.579936012532307865e-01
7.579931409773481565e-01
7.579926082876382587e-01
7.579920512948873368e-01
7.579914699991352478e-01
7.579916153230409348e-01
7.971681092834367321e-01
7.944100166001304419e-01
7.939225492944103069e-01
7.932632278969956596e-01
7.940287171271237510e-01
7.940146643949078653e-01
7.940228951183414541e-01
7.940446268956508069e-01
7.940693451580298490e-01
7.940932861314685676e-01
7.941137141566281255e-01
7.941294497048330125e-01
7.941408937261775769e-01
7.941488242543578435e-01
7.941544711850856419e-01
7.941588380494074562e-01
7.941626277171491832e-01
7.941663423553925183e-01
7.941699562634703113e-01
7.941731687509911986e-01
7.941747749984788829e-01
7.941952298138377220e-01
7.942148818765381035e-01
7.942370941797474160e-01
7.942585544018065935e-01
7.942770780372294670e-01
7.942916612311218261e-01
7.943022035752014265e-01
7.943095328498422925e-01
7.943145028548885822e-01
7.943180422244536798e-01
7.943209287344922265e-01
7.943234389509022941e-01
7.943257985495804085e-01
7.943280072724618890e-01
7.943299903204569246e-01
7.943316471901634701e-01
7.943328771207510686e-01
7.943337304903742568e-01
7.943342828676517309e-01
7.943345337380243176e-01
7.943345589278807406e-01
7.943344836153527488e-01
7.943342324879526517e-01
7.943337053005378179e-01
7.943327514287181756e-01
7.943313960634492688e-01
7.943297895736239900e-01
7.943280072724618890e-01
7.943262504210504282e-01
7.943246439391875580e-01
7.943231628936299193e-01
7.943218072838416077e-01
7.943205773663670755e-01
7.943194227617803582e-01
7.943182930909028494e-01
7.943171888677247328e-01
7.943160340098708305e-01
7.943148544779916609e-01
7.943136996227342372e-01
7.943124949041850957e-01
7.943112899300003305e-01
7.943101353357409078e-01
7.943090059320013774e-01
7.943078762724585795e-01
7.943067718033265390e-01
7.943056925245256528e-01
7.943046381789451438e-01
7.943035589023622611e-01
7.943024544378228802e-01
7.943013751635100705e-01
7.943002958903191413e-01
7.942992667392191342e-01
7.942982375891392000e-01
7.942972084400794497e-01
7.942961792920397723e-01
7.942952005228224310e-01
7.942941713767731615e-01
7.942932175412734663e-01
7.942922385178193823e-01
7.942912846840947116e-01
7.942903308512468952e-01
7.943024043167000725e-01
7.943106123896691573e-01
7.943180170349986025e-01
7.943241416892077300e-01
7.943289362072406545e-01
7.943325506813514458e-01
7.943352616737118232e-01
7.943374454838365573e-01
7.943392278012009200e-01
7.943407839256123593e-01
7.943421395601771851e-01
7.943434196262941782e-01
7.952739805037271070e-01
7.953494060945122124e-01
7.954132531614062085e-01
7.954654444332671659e-01
7.955053497564574805e-01
7.955332695713758229e-01
7.955505845718592317e-01
7.955583248833520971e-01
8.299295429242390387e-01
8.401349759701952635e-01
8.451535748247472890e-01
8.455161808960253156e-01
8.458645518357332804e-01
8.470993877423961260e-01
8.471787564774653223e-01
8.468669040729233100e-01
8.465100216966241486e-01
8.461714323013243000e-01
8.451667879706044051e-01
8.457706080560447592e-01
8.457829858264620526e-01
8.457850399920613382e-01
8.458191987067933404e-01
8.458332361757538997e-01
8.458466683530240227e-01
8.458584940901285876e-01
8.458686078818941079e-01
8.458768516345740451e-01
8.458835152402313096e-01
8.458889673601320824e-01
8.458935238048761462e-01
8.458975012021726636e-01
8.459010306249514777e-01
8.459042965512656442e-01
8.459072728167390531e-01
8.459098013675558914e-01
8.459116715548883336e-01
8.459129095375704788e-01
8.459136469335789554e-01
8.459141210897206387e-01
8.459146740024298117e-01
8.459214958891567715e-01
8.459250518207059866e-01
8.459285548991635206e-01
8.459316102572210783e-01
8.459341917284879386e-01
8.459362726074771688e-01
8.459378793238494509e-01
8.459391434986708314e-01
8.459401179958448980e-01
8.459408818425547816e-01
8.459413824429456996e-01
8.459414614709370728e-01
8.459412243869787185e-01
8.459408028146050418e-01
8.458483539605315960e-01
8.458248347089398766e-01
8.456494700134549181e-01
8.456518663857502949e-01
8.456542099118306011e-01
8.456564482791429915e-01
8.456586337993661218e-01
8.456607670114887343e-01
8.456626629338463985e-01
8.456641638185088405e-01
8.456652699335178713e-01
8.456661916069874163e-01
8.456670342728417333e-01
8.456679821041621636e-01
8.456691146490529221e-01
8.456704839513061733e-01
8.456720112727171834e-01
8.456736701877708429e-01
8.456753029487602547e-01
8.456769092859128811e-01
8.456785420516867990e-01
8.456801483935471042e-01
8.456816757283114327e-01
8.456832030651861842e-01
8.456847304041711366e-01
8.456862313187957225e-01
8.456877586619647724e-01
8.456892860072442453e-01
8.456907871977130675e-01
8.456923671307500223e-01
8.456939209090510445e-01
8.456954482628447067e-01
8.456969491920217630e-01
8.456983713822747717e-01
8.456997668779021593e-01
8.457011626449525421e-01
8.457025058297074072e-01
8.457038487464324517e-01
8.457051390806055169e-01
8.457064558432377810e-01
8.457077461804541896e-01
8.457090365191760606e-01
8.457103271290682400e-01
8.457116174708033673e-01
8.457128288023879614e-01
8.457140401352999382e-01
8.457152514695390755e-01
8.457164366475780071e-01
8.457176744116651212e-01
8.457188331650521418e-01
8.457199916499872350e-01
8.457211242481645908e-01
8.457222039928410373e-01
8.457233098962618767e-01
8.457243632156907776e-01
8.457254168057911636e-01
8.457263911146022384e-01
8.457273654242710714e-01
8.457283661622770898e-01
8.457293669011880510e-01
8.457303676410050652e-01
8.457313157962995653e-01
8.457322901103097035e-01
8.457332644251775999e-01
8.457342651685236801e-01
8.457352394851324062e-01
8.457362140722706201e-01
8.457370829495191034e-01
8.457380311105741066e-01
8.457389528447103455e-01
8.457398219937830586e-01
8.457406647157662549e-01
8.457415074383927145e-01
8.457423237338498323e-01
8.457431664577409469e-01
8.457439827544228628e-01
8.457447993213796922e-01
8.457456156192676433e-01
8.457463793316132294e-01
8.457471694724135736e-01
8.457479067578875798e-01
8.457486178855646575e-01
8.457493551720054459e-01
8.457500927286103476e-01
8.457508564440491261e-01
8.457516201600152606e-01
8.457523838765091950e-01
8.457530947373922414e-01
8.457538058684067606e-01
8.457477751575179781e-01
8.457143035976874001e-01
8.456594503032797139e-01
8.455752664775496585e-01
8.455986485676909581e-01
8.456200829893164572e-01
8.456378573752957317e-01
8.456518925417501054e-01
8.456628471062527241e-01
8.456715898029860679e-01
8.456790948465907620e-01
8.456860207160276088e-01
8.456926567449367660e-01
8.456991350619825765e-01
8.457054815519968738e-01
8.457114594476798919e-01
8.457169897310975459e-01
8.457221249805206842e-01
8.457268123355604628e-01
8.457310523298575689e-01
8.457348972741917104e-01
8.457384261779195000e-01
8.457416126102212939e-01
8.424647326986585139e-01
8.413689173611650363e-01
8.402632916852682543e-01
8.338334300822548562e-01
8.328048772589859983e-01
8.317657509883694678e-01
8.307276424636946821e-01
8.296769530269478832e-01
8.276016247490375344e-01
8.186275694690521298e-01
8.171863604116427204e-01
8.050760185452241480e-01
7.994632649032249461e-01
7.974803391157511134e-01
7.986438114356184670e-01
7.986845696660619387e-01
7.987127763978953965e-01
7.987359671571371278e-01
7.987583016851550477e-01
7.987815693486582935e-01
7.988058961850253992e-01
7.988309043340653393e-01
7.988558121423321445e-01
7.988796365144960054e-01
7.989011420365343952e-01
7.989198746956559516e-01
7.989668966761913627e-01
7.989852520084057552e-01
7.990050452907661027e-01
7.990223674639164164e-01
7.990341429566721887e-01
7.990449601261048196e-01
7.990671246481126921e-01
7.992464499304943182e-01
7.989840671756937018e-01
7.990007840528331462e-01
7.990135928638886220e-01
7.990261245252103794e-01
7.990712097984989937e-01
7.990875497851758213e-01
7.991015701886288181e-01
7.991132959629323462e-01
7.991231306347921226e-01
7.991317044804879810e-01
7.991393957729089337e-01
7.991465324442990070e-01
7.991529629014786362e-01
7.991586117274402934e-01
7.991636302346073473e-01
7.991681694814191106e-01
7.991726583918926652e-01
7.991769453800884326e-01
7.991811569802864668e-01
7.991852170109726705e-01
7.991892016512672781e-01
7.991929593126918530e-01
7.991964646850711063e-01
7.991997936892825116e-01
7.992331842580694401e-01
7.992494258008305819e-01
7.992652641952893156e-01
7.992793376035973729e-01
7.992910147534162402e-01
7.993003216494369845e-01
7.993078122165140353e-01
7.993138908680861299e-01
7.993189351736527115e-01
7.993233994211812465e-01
7.993274602629664161e-01
7.993311931107184298e-01
7.993346485830692405e-01
7.993378517301386044e-01
7.993407018212772552e-01
7.993433502047334605e-01
7.993457465145660246e-01
7.993478651793671785e-01
7.993497315088865518e-01
7.993513457600521788e-01
7.993527836079511451e-01
7.993540194820305533e-01
7.993551040047094380e-01
7.993560624871092202e-01
7.993569199822139204e-01
7.993577020596878135e-01
7.993583325261359729e-01
7.993589126279229129e-01
7.993593163231682563e-01
7.993596944486066613e-01
7.993599721022766058e-01
7.993603251745388105e-01
7.993605522049744838e-01
7.993607792354587849e-01
7.993608799657234698e-01
7.993610062659923798e-01
7.993610566311344368e-01
7.993611069962789362e-01
7.993611069962789362e-01
7.993611069962789362e-01
7.993610566311344368e-01
7.993609809542805422e-01
7.993608799657234698e-01
7.993608042888824539e-01
7.993607286120474331e-01
7.993606025700947804e-01
7.993604765281572266e-01
7.993604008513452985e-01
7.993602748094321697e-01
7.993601991326348966e-01
7.993600728324634641e-01
7.993599721022766058e-01
7.993598207487321305e-01
7.993596440835295525e-01
7.993594927300324837e-01
7.993592406464403721e-01
7.993590386696717287e-01
7.993588622628842177e-01
7.993586605444714666e-01
7.993584838794649539e-01
7.993582821611253664e-01
7.993581308078248071e-01
7.993579541429086666e-01
7.993577777363041204e-01
7.993575757598183618e-01
7.993573740416539675e-01
7.993571723235278759e-01
7.993569706054406421e-01
7.993567182641755364e-01
7.993565165461766764e-01
7.993563398815333176e-01
7.993561381636069552e-01
7.993559614990275453e-01
7.993558354576499880e-01
7.993557094162875298e-01
7.993548012990521201e-01
7.993967981561389546e-01
7.994177088801719400e-01
7.994363748644469636e-01
7.994517873063063940e-01
7.994639964318822623e-01
7.994736073504692397e-01
7.994812507893062081e-01
7.994874815636240362e-01
7.994928798243168266e-01
7.994975971902797962e-01
7.995019108270454700e-01
7.995057706158111843e-01
7.995093274100882885e-01
7.995125060355966484e-01
7.995154069757254289e-01
7.995179801137758391e-01
7.995202758201425119e-01
7.995222687773795300e-01
7.995240599880722998e-01
7.995255735040873724e-01
7.995269105871348758e-01
7.995280709782141004e-01
7.995290296192780755e-01
7.995298115672483386e-01
7.995071580457069338e-01
7.994928041379154582e-01
7.994618522174473663e-01
7.992697535229928985e-01
7.992694508420619126e-01
7.992670549654724566e-01
7.968123672113670564e-01
7.906879587087713990e-01
7.811951957002933877e-01
7.784888430558213335e-01
7.735006389302467866e-01
7.736885718519576072e-01
7.737059156707580820e-01
7.736635776569660283e-01
7.735222346263330717e-01
7.735659442639014616e-01
7.735762261364960146e-01
7.735846879794495701e-01
7.735916000231976009e-01
7.735972577025673758e-01
7.736020053313199529e-01
7.736062116663984245e-01
7.736198149312615291e-01
7.736254480826141311e-01
7.736280310351973943e-01
7.736304663821391703e-01
7.736327050021529761e-01
7.736348204484615465e-01
7.736367885379329401e-01
7.736386825726181415e-01
7.736404536834045054e-01
7.736421265559351168e-01
7.736436024444180992e-01
7.736450539005964577e-01
7.736464068651819348e-01
7.736477353970543369e-01
7.736489407502915583e-01
7.736501461049649642e-01
7.736513267745619427e-01
7.736524092031804578e-01
7.736534178251653904e-01
7.736543773268833579e-01
7.736553612642196320e-01
7.736562713945118741e-01
7.736571817775285131e-01
7.736580672227814093e-01
7.736588544258268252e-01
7.736596663162012000e-01
7.736604782072279418e-01
7.736612407253942170e-01
7.736620032441353656e-01
7.736626922068883250e-01
7.736633809182051902e-01
7.736640696299903475e-01
7.736647092204699261e-01
7.736653734982101849e-01
7.736660130895145482e-01
7.736666526812240319e-01
7.736672184645376760e-01
7.736962718379820636e-01
7.737083756412554969e-01
7.737194464642639380e-01
7.737291640794228265e-01
7.737372825692735434e-01
7.737439253391669158e-01
7.737493130485831871e-01
7.737538646348688376e-01
7.737577272136710871e-01
7.737610484083743412e-01
7.737640007865463909e-01
7.737665840930244565e-01
7.737688474518122916e-01
7.737708649290527818e-01
7.737726362713414074e-01
7.737742108564101828e-01
7.737022500361134814e-01
7.737219311559113688e-01
7.737302219029158490e-01
7.737378730807283889e-01
7.737444911657127555e-01
7.737498297522332757e-01
7.737537414417228199e-01
7.737570875643622337e-01
7.737596461640252610e-01
7.737618603807936424e-01
7.737636808338916872e-01
7.737652554050178377e-01
7.737666579090761720e-01
7.737679619095642058e-01
7.737690689004783628e-01
7.737700529494051516e-01
7.737708649290527818e-01
7.737648371986882712e-01
7.738100334549349313e-01
7.738194813514361892e-01
7.738273546659344415e-01
7.738338254425758400e-01
7.738763920558897613e-01
7.738780650667526073e-01
