3.312107395463050885e-01
3.416896240157927811e-01
3.419325839579279158e-01
3.422761560522583624e-01
3.427553925773668686e-01
3.433631500379651924e-01
3.440592818387493979e-01
3.448120319888599572e-01
3.455453304811460513e-01
3.462480784925312527e-01
3.469017339385697674e-01
3.475067944780989571e-01
3.480704829521475974e-01
3.486040887339487693e-01
3.491231454459575723e-01
3.496342463412602797e-01
3.501394875097092463e-01
3.506476393402427894e-01
3.511553059043995284e-01
3.516561602157891042e-01
3.521531029630966536e-01
3.526406202991305139e-01
3.531287434300090511e-01
3.535991221388409822e-01
3.540577611420738791e-01
3.545044402522308236e-01
3.549461691697959886e-01
3.553785452040664206e-01
3.557998535042388166e-01
3.562219403841949683e-01
3.566370975908004781e-01
3.570460640546740949e-01
3.574449748436900887e-01
3.578366558020964483e-01
3.582258457988892197e-01
3.586116379017379452e-01
3.589935291447004517e-01
3.593727411998369203e-01
3.597412858592317075e-01
3.601090255651855920e-01
3.604756065696051448e-01
3.608317675074276809e-01
3.611862690947647558e-01
3.615426603849938303e-01
3.618958312677378886e-01
3.622440871566863230e-01
3.625865773827369742e-01
3.629252951371333413e-01
3.632634518873061880e-01
3.635953641589001473e-01
3.639211126157111953e-01
3.642441151532718746e-01
3.645644246825108237e-01
3.648837372458471617e-01
3.652003619885096919e-01
3.655099030348595845e-01
3.658166576785326085e-01
3.661247286767583820e-01
3.664251056409026930e-01
3.667222160335196213e-01
3.670175678066026626e-01
3.673050660507796161e-01
3.675958806048200689e-01
3.678853250263171004e-01
3.681712841237199108e-01
3.684497169096485614e-01
3.687287040789293258e-01
3.689984139758665793e-01
3.692696213281871365e-01
3.695456517092509663e-01
3.698120559936857177e-01
3.700780820335229926e-01
3.703384685995124714e-01
3.705966905962989610e-01
3.708543330176236053e-01
3.711067514766983044e-01
3.712848182804837083e-01
3.714503208018061775e-01
3.716176289635336194e-01
3.718797422206653880e-01
3.721501688637524619e-01
3.724226905336851523e-01
3.726858356182876086e-01
3.729478737647245468e-01
3.731959124973172615e-01
3.734345073840835694e-01
3.736697639252199443e-01
3.738988648667521120e-01
3.741265891945886879e-01
3.743449740371861401e-01
3.747854910698027453e-01
4.082455476792718474e-01
3.990816633890350573e-01
3.974501924765098670e-01
5.840105938844888378e-01
5.927223322917315462e-01
5.970603661904407833e-01
6.020151655809201641e-01
6.066035611609734701e-01
6.055099691730710942e-01
6.047228084215804378e-01
6.043543321666734469e-01
6.043947976363625019e-01
6.047465662677159459e-01
6.053161552322379180e-01
6.060162455384372482e-01
6.067708353433630686e-01
6.075377275358100349e-01
6.082769432153283251e-01
6.089960843940629420e-01
6.096802370984057973e-01
6.103476447327937926e-01
6.110092550766432762e-01
6.116771002511592892e-01
6.123472451625104895e-01
6.130143420473617155e-01
6.137077691140093716e-01
6.143945392733802802e-01
6.151050102169492995e-01
6.158142119334022446e-01
6.165314324785293731e-01
6.172715479780461756e-01
6.179891800820406234e-01
6.187229583256080856e-01
6.194683721546461186e-01
6.202051354557950313e-01
6.209450930846903693e-01
6.216783445867715141e-01
6.224095512392813223e-01
6.231524751299396536e-01
6.238803058895991960e-01
6.246013943718897732e-01
6.253112401597578085e-01
6.260294332893683311e-01
6.267494448593324829e-01
6.274657938571717164e-01
6.281782753252923568e-01
6.289135195691577529e-01
6.296187076315507003e-01
6.303093103339700853e-01
6.309732741862588146e-01
6.315791336451795912e-01
6.321131660070530289e-01
6.325263838576755671e-01
3.360656215057482576e-01
3.391958351527585847e-01
3.423909176870264526e-01
3.456323850246232898e-01
3.489065105524959409e-01
3.521816189745085035e-01
3.554134093860188415e-01
3.585752778300211330e-01
3.689617566395564929e-01
3.681588803667167897e-01
3.687915384889412507e-01
3.694546456419528502e-01
3.700850886929025751e-01
3.706394230410270385e-01
3.711136852449997137e-01
3.715198432660866690e-01
3.718833777157235509e-01
3.722310743251983078e-01
3.725796612751824943e-01
3.729464762932132582e-01
4.324625704456539488e-01
4.316554300260375676e-01
4.310989788579825399e-01
4.312285613528361594e-01
4.315084138186143781e-01
4.318278895691270436e-01
4.321257157110044989e-01
4.323431090941549648e-01
4.324732438406722612e-01
4.325240410085666176e-01
4.325115555534005951e-01
4.324571910211073011e-01
4.323746739709924958e-01
4.322879192791294067e-01
4.322069782976070695e-01
4.321439783748075025e-01
4.666739190085249511e-01
4.657223154806586218e-01
4.650569250608652672e-01
4.646194077154247593e-01
4.643534315399720502e-01
4.641710315095411987e-01
4.640153409938787554e-01
4.638345986697313683e-01
4.636092409240092360e-01
4.633485769887639161e-01
4.630347658656537302e-01
4.627026544654943008e-01
4.623281450665460701e-01
4.619424217397727905e-01
4.615529904068872979e-01
4.611576245181757128e-01
4.607707268435257686e-01
4.603742410403774965e-01
4.599822158818508977e-01
4.595944499198073574e-01
4.591974330817890082e-01
4.588070586837267872e-01
4.584198391829633623e-01
4.950341051457177732e-01
4.936807584130993298e-01
4.925475140914358230e-01
4.916849421389193342e-01
4.910345289521129697e-01
4.905036786252913728e-01
4.900325882113996667e-01
4.895702303401822109e-01
4.890655703261821419e-01
4.885155494454549441e-01
4.879157442110428344e-01
4.872925515884591330e-01
4.866371213989744149e-01
4.859856236264620821e-01
4.853140710425601356e-01
4.846464000024085506e-01
4.839786498702615125e-01
4.833120890448073248e-01
4.826536811332955423e-01
3.653367541392020801e-01
3.976354294964287717e-01
4.594992633966935025e-01
4.636316034002905817e-01
4.656140051412936409e-01
4.715509088117200709e-01
4.726307498271034579e-01
4.737950358815722351e-01
4.750958041116503661e-01
4.765400262698043510e-01
4.780890713729781250e-01
4.797096320552749482e-01
4.813636525107504727e-01
4.830086125003105191e-01
4.846398143525298408e-01
4.862543552920822187e-01
4.878443036791335619e-01
4.894152364349771411e-01
4.909568667825260357e-01
4.924791353728115717e-01
4.940049351106896580e-01
5.916494421905093004e-01
5.910755870022592617e-01
5.936247874878696207e-01
5.954777318873376579e-01
5.975145929631282549e-01
5.995858308004311521e-01
6.016074403477865706e-01
6.035163623549308909e-01
6.052639954490861562e-01
6.068755240150578434e-01
6.083688327243111926e-01
6.097804150979178051e-01
6.111175590996101858e-01
6.124068229013646114e-01
6.136929533711571461e-01
6.149541539662690681e-01
6.162000739517826675e-01
6.174441674694598481e-01
6.186625053093099957e-01
6.198860357240592034e-01
6.210803855109569005e-01
6.222635921194320519e-01
6.234509249896100780e-01
6.246144927666867908e-01
6.257397179434857071e-01
6.268837815654936252e-01
6.279940099068467285e-01
6.291014515177889566e-01
6.302085023810372055e-01
6.312879443256085299e-01
6.323763796493270251e-01
6.334527592007780372e-01
6.345274705598024090e-01
6.355981792532513497e-01
6.366389054652845658e-01
6.376784224921590027e-01
5.874152443705865645e-01
5.894503808029810665e-01
5.441771488367185272e-01
5.460792694246048296e-01
5.529569689455088310e-01
5.081685067443680870e-01
5.099899511979689715e-01
5.154879176963900189e-01
5.165402572692503469e-01
5.175408414348882102e-01
5.185794578589638659e-01
5.196268699202739594e-01
5.207272092609123160e-01
5.218808211106703565e-01
5.229824210160178843e-01
5.197224040100589804e-01
5.152916359162770243e-01
5.113371860316584527e-01
5.076462527211763609e-01
5.044943878474538179e-01
5.019358016171105996e-01
4.999217160047878528e-01
4.979606417058673462e-01
4.959512933162190107e-01
4.939023642482368581e-01
4.918678292677725050e-01
4.898791708711536796e-01
4.879249031605650821e-01
4.860145094715240255e-01
4.841437661587851271e-01
4.823041428927348218e-01
4.805103387991036534e-01
4.787475928011289406e-01
4.770070609367009218e-01
4.753073080921922378e-01
4.736183120660005241e-01
4.719631920112152268e-01
4.703230556414725316e-01
4.687407008951852694e-01
4.671731826353898165e-01
4.656273312607440706e-01
4.641090714971002895e-01
4.626003517095596540e-01
4.611308928826007292e-01
4.596976380734662526e-01
4.582660211400113037e-01
4.568489843308690124e-01
4.554554396607017885e-01
4.540934071268986072e-01
4.527545238845036013e-01
4.514239676084436104e-01
4.501281377820509078e-01
4.488422306269241324e-01
4.475712291379362329e-01
4.463295893966791605e-01
4.450899633681335010e-01
4.438851249821204048e-01
4.426891106895901040e-01
4.415188570157167480e-01
4.403507294841551012e-01
4.392017191813271104e-01
4.380675817640009018e-01
4.369453432456020248e-01
4.358486461804978451e-01
4.347680749724415206e-01
4.337060560815620414e-01
4.326506265593695888e-01
4.316080920714306934e-01
4.305842318369018651e-01
4.295711296511697252e-01
4.285686437536225801e-01
4.275948959843405839e-01
4.266261496270099540e-01
4.256738427346016262e-01
4.247301253195523429e-01
4.238118956826743555e-01
4.229066477320712614e-01
4.212104150450931561e-01
4.212547179332927771e-01
4.206298891258151706e-01
3.457139392461473504e-01
3.984746657429359962e-01
4.014197428991265748e-01
4.044470870942631913e-01
4.075044399403776607e-01
4.105515074263361153e-01
4.135321195168872310e-01
4.343147012525880868e-01
4.339501858282613367e-01
4.336752650986672175e-01
4.335535133475741376e-01
4.335718172705751439e-01
4.337097047174698350e-01
4.339156605855232773e-01
4.341575292847272838e-01
4.343914745540767286e-01
4.346087996887472160e-01
4.347882961400064694e-01
4.349426341980430766e-01
4.350602069079538836e-01
4.351577185980113893e-01
4.352556864483425603e-01
4.353431239770742534e-01
4.355811469655593848e-01
4.364402068260047618e-01
4.373247428247200586e-01
4.381828595144971472e-01
4.390277905303829886e-01
4.398578494091693325e-01
4.406849454705415448e-01
4.415167310498889219e-01
4.423502398759188714e-01
4.431856467236272024e-01
4.440271071638052236e-01
4.448731249938835952e-01
4.457096062454011798e-01
4.465432233528269790e-01
4.473753513608578203e-01
4.482030074021060018e-01
4.490285310177801747e-01
4.498442173789953813e-01
4.506560501918733253e-01
4.514581025380631218e-01
4.522581170030005593e-01
4.530532168801023607e-01
4.538519254858462970e-01
4.546467524248969938e-01
4.554374636101434226e-01
4.562211575833336474e-01
4.570001360435005933e-01
4.577787529268009803e-01
4.587493366320777310e-01
4.598680074251964012e-01
4.609661931059665374e-01
4.620443018513347710e-01
4.631234897305656628e-01
4.641901474231341362e-01
4.652529564474510160e-01
4.663152758372182682e-01
4.673755835998913977e-01
4.684412435947352127e-01
4.695067816755219559e-01
4.705712906882218993e-01
4.716343407417262212e-01
4.726843132049395879e-01
4.737297263603311159e-01
4.747746040302522341e-01
4.758150601124047085e-01
4.768485936017711202e-01
4.778713044066416060e-01
4.788954501468793978e-01
4.799111451768163783e-01
4.809207844211533800e-01
4.819256031437321175e-01
4.829305763182094591e-01
4.839285997001015471e-01
4.849251371805198274e-01
4.859114227562583710e-01
4.868959718475024401e-01
4.878749079907199193e-01
4.888481917730180815e-01
4.898120260846616780e-01
4.907730905881216299e-01
4.917332239104209024e-01
4.926814441847607862e-01
4.936363359886455915e-01
4.945811518625835568e-01
4.955213280976430990e-01
4.964567595052092885e-01
4.973921419062395377e-01
4.983181854364913677e-01
4.992354950471518116e-01
5.001500425536846706e-01
5.010639259695418568e-01
5.019703660639935894e-01
5.028795591067233284e-01
5.037763470633412899e-01
5.046686894787497657e-01
5.055564564584473786e-01
5.064397113428374952e-01
5.073129817576051970e-01
5.081918604652878590e-01
5.090128385423586810e-01
5.098778763536871983e-01
5.107417462672110275e-01
5.115944906940338432e-01
5.124434860652256063e-01
5.132964974703191352e-01
5.141394114004318450e-01
5.149735162452231396e-01
5.158052058081937785e-01
5.166282125128633940e-01
5.174766184899320942e-01
5.182919954981458632e-01
5.191114465499769848e-01
5.199132834255896229e-01
5.207213201973491801e-01
5.122154836688322943e-01
5.127268500052341027e-01
5.132107921388152638e-01
5.136930093310054790e-01
5.142161393548130288e-01
5.147680070541910125e-01
5.153470411632873338e-01
5.159549386805736271e-01
5.165808815593548875e-01
5.172061951800674962e-01
5.178312495657212411e-01
5.184635293620118990e-01
5.190908477426848799e-01
5.196977840919395630e-01
5.203021597600767656e-01
5.209095884818972788e-01
5.215045630847996438e-01
5.221033814942582785e-01
5.226934949085887405e-01
5.232850084346132302e-01
5.238699227680732040e-01
5.244542272766157254e-01
5.250329384342174999e-01
5.256105724013112601e-01
5.261821218659177291e-01
5.267556914032799353e-01
5.273251799313773969e-01
5.002208420632223707e-01
5.011527455987996316e-01
4.953669844023408375e-01
4.736585181442213854e-01
4.745372975543704630e-01
4.760355930956935433e-01
4.758971501787299663e-01
4.757379223182691130e-01
4.756002989535008663e-01
4.754949306015771038e-01
4.754139894645497688e-01
4.753752623657421794e-01
4.753718098399026815e-01
4.753766283974616425e-01
4.753954592626712938e-01
4.754277579076420235e-01
4.754690451960937869e-01
4.755144610051975085e-01
4.755542573037035980e-01
4.756065269162000897e-01
4.756572963862136794e-01
4.757175181444085466e-01
4.757788108232786084e-01
4.758452589997529403e-01
4.759083319343351270e-01
4.759711499226324527e-01
4.760390903724016076e-01
4.761050147269405564e-01
4.761736856197037460e-01
4.762389523591143980e-01
4.763100490297696998e-01
4.770859418719514133e-01
4.788067887866325756e-01
4.805140079237302242e-01
4.821746774807425528e-01
4.838178702944577192e-01
4.854518836271101145e-01
4.871052759318420522e-01
4.887889032618745189e-01
4.904948385838368008e-01
4.921996347478744815e-01
4.939153281732827638e-01
4.956376334446405685e-01
4.973667108423544536e-01
4.990916899776541293e-01
5.008129541573401733e-01
5.025357287383310778e-01
5.042626247100278070e-01
5.059813043752381390e-01
5.076971562592564879e-01
5.094107002696190989e-01
5.111265498175840971e-01
5.128336942129254616e-01
5.145433637187526443e-01
5.162488371838022116e-01
5.179491251778191030e-01
5.196511356274625681e-01
5.213525947860407905e-01
5.230493643573256302e-01
5.247366432344439113e-01
5.264158539429129036e-01
5.281036415014395136e-01
5.297873113977086268e-01
5.314569024027453459e-01
5.331269105973159839e-01
5.347995781170038487e-01
5.364643016954123711e-01
5.381218159349285823e-01
5.397790218068333479e-01
5.414284963126321237e-01
5.430737721789757888e-01
5.447259058793054720e-01
5.463727742215744865e-01
5.480123045906659662e-01
5.496452003019010046e-01
5.512708575505057551e-01
5.529101593910389356e-01
5.545245515603113295e-01
5.561404513065992816e-01
5.577563588168266140e-01
5.593573298918339542e-01
5.609580194242687057e-01
5.625537659659564094e-01
5.641550079946410223e-01
5.657452846512945888e-01
5.673290586960608728e-01
5.689144791969094062e-01
5.705021187593679599e-01
5.720749103527864587e-01
5.736369804191201460e-01
5.752085405988293099e-01
5.767707170141344042e-01
5.783302953125435408e-01
5.798785770942298523e-01
5.814371076787036019e-01
5.829811168911278596e-01
5.845179994643094901e-01
5.860559683181392199e-01
5.875895333438356793e-01
5.891141426307413553e-01
5.906410287501022705e-01
5.921621631705191735e-01
5.936701046061587661e-01
5.951720842385999077e-01
5.966908381941977702e-01
5.981990609592603425e-01
5.996925678048773412e-01
6.011838791468583354e-01
6.026661073509863575e-01
6.041444688896282500e-01
6.056192273155538430e-01
6.071026156859178347e-01
6.085746741242853419e-01
6.100430987138046879e-01
6.115037475249559540e-01
6.129572607213723545e-01
6.144127979358682268e-01
6.158611506117683820e-01
6.173046478813809523e-01
6.187375035768719611e-01
6.201709288032231093e-01
6.216029763016234222e-01
6.230280390573789129e-01
6.244533548516256749e-01
6.258667450644309627e-01
6.272940841739902407e-01
6.287058340520738087e-01
6.300654826172930045e-01
6.314583326156743004e-01
6.326623648757835339e-01
6.334924177787405464e-01
6.348086398651541229e-01
6.360918768070809026e-01
6.373764827616946738e-01
6.386757655411979817e-01
6.399886006133710392e-01
6.413033523180897699e-01
6.426172969322463402e-01
6.439536878135163622e-01
6.452876283426377535e-01
6.466157077971829148e-01
6.479611331355054071e-01
6.492958648609435945e-01
6.506198095862629760e-01
6.519384957564836602e-01
6.532514803951325888e-01
6.545819519350838389e-01
6.558842513280671582e-01
6.571942645803110494e-01
6.585031279870029453e-01
6.598047656299554919e-01
6.611009179745033215e-01
6.624021923039541404e-01
6.637026648631780823e-01
6.649892466869109509e-01
6.662906022923636984e-01
6.675597235945883723e-01
6.688547651594651811e-01
6.701166240486788883e-01
6.713912659745001621e-01
6.726698614144104305e-01
6.739401720895835668e-01
6.751967820400692766e-01
6.764544735900941408e-01
6.776876788567999244e-01
2.873299398060970011e-01
3.031376321683754704e-01
3.482616974925738518e-01
3.497031493875529251e-01
3.512498942665705504e-01
3.528346207505960175e-01
3.527942219655569311e-01
3.539343690580316060e-01
3.555691197167345496e-01
3.572033455121031431e-01
3.588552250583262881e-01
3.605214945188054410e-01
3.622239055716505729e-01
3.639328214147735108e-01
3.656536106152754595e-01
3.690726092700518657e-01
3.707848785869337083e-01
3.724836411981317097e-01
3.741707445490775052e-01
3.758589242883553783e-01
3.775149009751945228e-01
3.791866500600885037e-01
3.808528557608643061e-01
3.825124562953380325e-01
3.841465828305627994e-01
3.857963846670013908e-01
3.874207805941543570e-01
3.890575066354859390e-01
3.906747734532841076e-01
3.922933066462968577e-01
3.939105996611225180e-01
3.955130856292746189e-01
3.971112030386198533e-01
3.987065199223338574e-01
4.002908195801363478e-01
4.018769059278038958e-01
4.034590365964438874e-01
4.050301675150761449e-01
4.065938907546576275e-01
4.081444436969022815e-01
4.096896368408926570e-01
4.112349719902200218e-01
4.127681600883243429e-01
4.142962311820977406e-01
4.158171144873021308e-01
4.173365189681884635e-01
4.188556777341950199e-01
4.203700691795124178e-01
4.218706257163149509e-01
4.233715236458419628e-01
4.248750506331921417e-01
4.263719182163235866e-01
4.278678564821733477e-01
4.293578080519965257e-01
4.308345179700794336e-01
4.322913284258085298e-01
4.337438910886205479e-01
4.351970837334825926e-01
4.366365256287884078e-01
4.380677317182213315e-01
4.394988395105851042e-01
4.408766554533963822e-01
4.405453426675532969e-01
4.390485912576236882e-01
4.377647199118376298e-01
4.365739081350449857e-01
4.354215159327199935e-01
4.342919517065645940e-01
4.331561631834924819e-01
4.320170177679062418e-01
4.308578298147257013e-01
4.296803231832433956e-01
4.285102795276455878e-01
4.273413781706684178e-01
4.261695955993021756e-01
4.250104100427726794e-01
4.238762129090936637e-01
4.227632576896903083e-01
4.216608843510802340e-01
4.205857537020761261e-01
4.195144061462495744e-01
4.184579873108472126e-01
4.174137752187423445e-01
4.163832718662152654e-01
4.153479302027706099e-01
4.143299371645265405e-01
4.133371899798189975e-01
4.123585476531098637e-01
4.113819768783929520e-01
4.104444338347628674e-01
4.094663958853308472e-01
4.081719799235049018e-01
4.050645755583263674e-01
4.021205244595676964e-01
3.993169051412463477e-01
3.966058681236883654e-01
3.939801746880609579e-01
3.914091144445390191e-01
3.888916282575320404e-01
3.864178832714793566e-01
3.839747958215727341e-01
3.815701977957972613e-01
3.792101518441454155e-01
3.769002565766855217e-01
3.746446488045366841e-01
3.724334610772659926e-01
3.702752043160323914e-01
3.681390789863321911e-01
3.660606630597323941e-01
3.640389003462427553e-01
3.620815825144360622e-01
3.601409960463921589e-01
3.582787995365560030e-01
3.564664224879574572e-01
3.546953210278876445e-01
3.529780757927760693e-01
3.512831803440623624e-01
3.496608719045252167e-01
3.480523563620974148e-01
3.465084572288482656e-01
3.449996849706987723e-01
3.435123560622876382e-01
3.420670679204918518e-01
3.406695966490305705e-01
3.393103974960500757e-01
3.379957915063111495e-01
3.367131598230468925e-01
3.354447266767806579e-01
3.343619357101616507e-01
3.335924155135527314e-01
3.330979374108847257e-01
3.326504921760922162e-01
3.322082915700854677e-01
3.317623179053713067e-01
3.313312832356353765e-01
3.309050894937370924e-01
3.304996289213346095e-01
3.301107991835329769e-01
3.297409777011273135e-01
3.293802279897797836e-01
3.290328323010207057e-01
3.286905052356012269e-01
3.283599709325463745e-01
3.280410687054319263e-01
3.277301180988761442e-01
3.274806134111014067e-01
3.277968303526733185e-01
3.286239478529254243e-01
3.294368296095490090e-01
3.302272691037482222e-01
3.310246901671329844e-01
3.317954287292927962e-01
3.325568398142820237e-01
3.333196030682496480e-01
3.340840008447869547e-01
3.348472344605591400e-01
3.356100213156735235e-01
3.363692535670579353e-01
3.371272682002751653e-01
3.378704940593469930e-01
3.386069580870208484e-01
3.393341893441255697e-01
3.400543913081822134e-01
3.407610207746741282e-01
3.414610184722470798e-01
3.421502836088614607e-01
3.428268450860260663e-01
3.434959319023894730e-01
3.441660180215095899e-01
3.448160179593113828e-01
3.454647595175197039e-01
3.461060156581311498e-01
3.467384048544248087e-01
3.473568741879040633e-01
3.479636537950406838e-01
3.485699487291122334e-01
3.491590903647502353e-01
3.497406014929476670e-01
3.503138603343431967e-01
3.508792812327160004e-01
3.514405277761591395e-01
3.519832856760719553e-01
2.659347637294133260e-01
2.607650382495688146e-01
2.547353519688991264e-01
2.672974193089960315e-01
2.739273061594357794e-01
2.770521459091747074e-01
2.800594511556074862e-01
2.829891333269745068e-01
2.858950593783596283e-01
2.963655770440000725e-01
2.989012753293723845e-01
2.999667085871215444e-01
3.010507295913915637e-01
3.020937003477103810e-01
3.030908947241196527e-01
3.040266343242618574e-01
3.049212839360410099e-01
3.057825266246296247e-01
3.066412920923237140e-01
3.074993887229336420e-01
3.083557612849136542e-01
3.092188407494791402e-01
3.100829601059685858e-01
3.109402827986160189e-01
3.117912119001987614e-01
3.126295012775247018e-01
3.134624825702369000e-01
3.142769327986030259e-01
3.157650583336050198e-01
3.181479431646737077e-01
3.205354489968063048e-01
3.228739380421905003e-01
3.251651546405868176e-01
3.274420914429669316e-01
3.296994754858612042e-01
3.319676757530881095e-01
3.342520060407233040e-01
3.365332844566125692e-01
3.388133436043644919e-01
3.410883410337096078e-01
3.433525691171840366e-01
3.456200932496122369e-01
3.478554490067655713e-01
3.501060696605054479e-01
3.523233446281849313e-01
3.545410253423147973e-01
3.567398289227794450e-01
3.589462340904024940e-01
3.611533916806480282e-01
3.633720696634868408e-01
3.655703325836701101e-01
3.677550431575200007e-01
3.698986387280042698e-01
3.720312765985052672e-01
3.741524312794037299e-01
3.762404081386046539e-01
3.783320466943552729e-01
3.804169974938484966e-01
3.825101476977121884e-01
3.845965264646269421e-01
3.866786152694431933e-01
3.887584020524866846e-01
3.908414766140827501e-01
3.929214065640959097e-01
3.950094737093265973e-01
3.970924493186196447e-01
3.991684514862940958e-01
4.012582391953726790e-01
4.033259733333701136e-01
4.053997180845071990e-01
4.074749327634392682e-01
4.095392975610987474e-01
4.116025566162194171e-01
4.136686444066375312e-01
4.157300528731685541e-01
4.177913662821825524e-01
4.198400679812275826e-01
4.218742042811871595e-01
4.239163621332089349e-01
4.259696359622544004e-01
4.280104142948713553e-01
4.300495060995491170e-01
4.320747446783386181e-01
4.340968372857652025e-01
4.361179784351771338e-01
4.381462216179877189e-01
4.401727835967050861e-01
4.421908157748676294e-01
4.442120240461122083e-01
4.462211529711521685e-01
4.482327663516946781e-01
4.504775539497640202e-01
4.536178650250757283e-01
4.568137928322979491e-01
4.599719482815151639e-01
4.631258029019384992e-01
4.663083335819118713e-01
4.695086212783947666e-01
4.727109030616721275e-01
4.759470389699434478e-01
4.792086787966559625e-01
4.824911835711145347e-01
4.857793241923203942e-01
4.890761293058912829e-01
4.923944275870338894e-01
4.957205505161574322e-01
4.990508647643401852e-01
5.023974861630533528e-01
5.057778864525394047e-01
5.091581606931142590e-01
5.125235910921547289e-01
5.159183062735626102e-01
5.193286090003883526e-01
5.227277759090716014e-01
5.261410215035995375e-01
5.295783903009977367e-01
5.330266157677099326e-01
5.365353518880388028e-01
5.400233406453559537e-01
5.435422871223586361e-01
5.470755744938247123e-01
5.506011291876354852e-01
5.541653357093537791e-01
5.577411210816926035e-01
5.613474591508924583e-01
5.649594027512065963e-01
5.685895506657944187e-01
5.721894115488814769e-01
5.758506317143353703e-01
5.795305825650617360e-01
5.832126556196797207e-01
5.869226761924595248e-01
5.906630912665523647e-01
5.943884014749966083e-01
5.980995279441314594e-01
6.018475948785365626e-01
6.056421259468455220e-01
6.094030980420935828e-01
6.131721723724717910e-01
6.169852810905890328e-01
6.208079699572129906e-01
6.246674544830580489e-01
6.285574780445456478e-01
6.324497951120686690e-01
6.363691754583832294e-01
6.402897270233601779e-01
6.442390974131060322e-01
6.482028009243855360e-01
6.521613307642029067e-01
6.561439933865109708e-01
6.601659190557837009e-01
6.642225912058815629e-01
6.682667845550882557e-01
6.723920889027292791e-01
6.765142409755796615e-01
6.806147150968377968e-01
6.847508645960620477e-01
6.888790180064096047e-01
6.930340395769328810e-01
6.972525472124232460e-01
7.014656659570307484e-01
7.057365176856510436e-01
7.099824099538392108e-01
7.142551097046864195e-01
7.186235059678903747e-01
7.229598361995358546e-01
7.273212084744181682e-01
7.317284786641229388e-01
7.361699969349639883e-01
7.406170353290296715e-01
7.450677211837026803e-01
7.495785841843422004e-01
7.540947581324735083e-01
7.586423023888638761e-01
7.631996448579381198e-01
7.677943326308674932e-01
7.724361764682581288e-01
7.770890546600067728e-01
7.817851423503396902e-01
7.864876203373236674e-01
7.912118632412887820e-01
7.960187288976610098e-01
8.008461166381068974e-01
8.057003514364019514e-01
8.105539793497203993e-01
8.154690102588840750e-01
8.204082329576873889e-01
8.254132446964288494e-01
8.304412356689597763e-01
8.354878625924696545e-01
8.405707276077249990e-01
8.457221641634494746e-01
8.508848513473211694e-01
8.560844944493436470e-01
8.613344428347676773e-01
8.666189967669268857e-01
8.719550301670846437e-01
8.773277633668898901e-01
8.827595872014779577e-01
8.882084423833305209e-01
8.936960149835213585e-01
8.992315793787089007e-01
9.048420222344353281e-01
9.104511452382878511e-01
9.161242527476211039e-01
9.218020197634726465e-01
9.275006667785554715e-01
9.331019634651411820e-01
9.385184943584123918e-01
9.436827981987658820e-01
9.485482225410878376e-01
9.531101481455702684e-01
9.573253943388391196e-01
9.609287091765246203e-01
9.642022368298285295e-01
9.666437149221850378e-01
9.696422978286816097e-01
9.725818394205432149e-01
9.753202659014665876e-01
9.776615508862674941e-01
9.752871660246368313e-01
9.721769867039570245e-01
9.694819057443192500e-01
9.672365635097878167e-01
9.654474391363619956e-01
9.640837952782101983e-01
9.631305144968872467e-01
9.626159056038355866e-01
9.624649998341825441e-01
9.626438573145511546e-01
9.630624077265936833e-01
9.636976381104913614e-01
9.644081718088772792e-01
9.652233314864917535e-01
9.661117086553386857e-01
9.670100914130862479e-01
9.678362857262636787e-01
9.685993765320862758e-01
9.692935363971363349e-01
9.698915179232124872e-01
9.704018642394385274e-01
9.707916369351711205e-01
9.711260507475897308e-01
3.853490699987651702e-01
3.817899816953531644e-01
3.766842207468509285e-01
3.787943382983871565e-01
3.783199408961686050e-01
3.779197764628853262e-01
3.776509720664077974e-01
3.752645877961343079e-01
3.856111181906818342e-01
3.892752508945689360e-01
3.928468419368475462e-01
3.968513526351709064e-01
4.006050398198757190e-01
4.046672564837852648e-01
4.087277295891397211e-01
4.185330907240544240e-01
4.187138343773304516e-01
4.192540843422991048e-01
4.201622864578073990e-01
4.213788975098403666e-01
4.227932923730163828e-01
4.243005789443203835e-01
4.258621722746169791e-01
4.273989209725291838e-01
4.289023382217208580e-01
4.303766071877928034e-01
4.318142729847214700e-01
4.332400481557814320e-01
4.346621862781802070e-01
4.361011642987865367e-01
4.375297761137382224e-01
4.389685823222136407e-01
4.404216227036577003e-01
4.418551882662869468e-01
4.433117751073598622e-01
4.447610092363602496e-01
4.462114510773106391e-01
4.476477471142822906e-01
4.490926436641122232e-01
4.505470357807846993e-01
4.519901196684632527e-01
4.534141223265846232e-01
4.548281674230911231e-01
4.562907156163832356e-01
4.578334297557233867e-01
4.595875625901738037e-01
4.614445974040641274e-01
4.632643989772625148e-01
4.650957819338261690e-01
4.669328729881203621e-01
4.687623479344473210e-01
4.705731018745659133e-01
4.723945355192123996e-01
4.742460100303815818e-01
4.760421979700473205e-01
4.778636566241170058e-01
4.796981561700533470e-01
4.814486808521877825e-01
4.831715596637953802e-01
4.848879488340721577e-01
4.865992783256821719e-01
4.882949020958966546e-01
4.900118592843502596e-01
4.916915109993609256e-01
4.933807629832457353e-01
4.950766402388777077e-01
4.967592576614474620e-01
4.984375580885669343e-01
5.001074683292638934e-01
5.017689941649877694e-01
5.034360160998391232e-01
5.051061079500014372e-01
5.067727759881521798e-01
5.084124724302557796e-01
5.100678599885105635e-01
5.116967193795830537e-01
5.133307697188959073e-01
5.149817218399285190e-01
5.165873424736981967e-01
5.182179006628815365e-01
5.198218431899918057e-01
5.214240570634071092e-01
5.230128347316449489e-01
5.246064212888512657e-01
5.261931846815166569e-01
5.277846601974715002e-01
5.293763268201996386e-01
5.309532228083546634e-01
5.325329163490848394e-01
5.340988823836636534e-01
5.356701474358616100e-01
5.372318355426284331e-01
5.387763160591985123e-01
5.403325365511094658e-01
5.418627076554051181e-01
5.433988668135946165e-01
5.449481399998945541e-01
5.464623119639107074e-01
5.479817542985219170e-01
5.495131551865631847e-01
5.510233261300758745e-01
5.525387785987011524e-01
5.540540711623058723e-01
5.555476294539741788e-01
5.570351993949018699e-01
5.585322097725572421e-01
5.600151261001129477e-01
5.614870231632002051e-01
5.629613621406960311e-01
5.644164924692256502e-01
5.658819785885327303e-01
5.673458292224614619e-01
5.687821587076383745e-01
5.702266660770889395e-01
5.716987681433903790e-01
5.731451913655756236e-01
5.745724703813301915e-01
5.760147553890448968e-01
5.774344792982804009e-01
5.788536173300204979e-01
5.802508617738729724e-01
5.816749731584351935e-01
5.830888178631745689e-01
5.844700276620422574e-01
5.858609929691090956e-01
5.872361374307513149e-01
5.886160327038648665e-01
5.899967935154953880e-01
5.913641117986774276e-01
5.927147073383988163e-01
5.940897578402921653e-01
5.954399658025841813e-01
5.967863824233414771e-01
5.981589885477572865e-01
5.994881913978802324e-01
6.008268418580612336e-01
6.021521821376756289e-01
6.034775050418919040e-01
6.048115876955466597e-01
6.061229046971315926e-01
6.074327281613218776e-01
6.087337063266151649e-01
6.100199430836454884e-01
6.113182920990567482e-01
6.126151586939526661e-01
6.138963718747678655e-01
6.152122065516251181e-01
6.164739898076876390e-01
6.177464380503069341e-01
6.189959211249903559e-01
6.202460868076695721e-01
6.215116035727431543e-01
6.227627613723903943e-01
6.240009971788920140e-01
6.252664972825688894e-01
6.264980102768047399e-01
6.277283301665479431e-01
6.289563280820339441e-01
6.301820441674446105e-01
6.313867542649218567e-01
6.326071725505623133e-01
6.338242002988885293e-01
6.350298005737292639e-01
6.362494518466591531e-01
6.374379336320551426e-01
6.386236216609193495e-01
6.398288449985659598e-01
6.410209175009778937e-01
6.421955187438681545e-01
6.433735438549444963e-01
6.445186331158989645e-01
6.457045018674655301e-01
6.468728508395251708e-01
6.480332717037388113e-01
6.491946340537289029e-01
6.503181944391854818e-01
6.514675365961001274e-01
6.526150989396578561e-01
6.537377121982810291e-01
6.548673268709204187e-01
6.559927175056811111e-01
6.570949766991045493e-01
6.582328862709749817e-01
6.593773959520133898e-01
6.604915452847627266e-01
6.615821726920252388e-01
6.626764410841305963e-01
6.637909627618102659e-01
6.648690086836744895e-01
6.659605954508429626e-01
6.670294537216001629e-01
6.681018611932117990e-01
6.691898823973988497e-01
6.702548850242885381e-01
6.713184823815214752e-01
6.723719991807380891e-01
6.734110960479182673e-01
6.744748951915970903e-01
6.755421317799206182e-01
6.765835412408214289e-01
6.776066954345124627e-01
6.786527804317404877e-01
6.796671600953381187e-01
6.806870468050528755e-01
6.817339481991605554e-01
6.827413826565117416e-01
6.837633797952151760e-01
6.847868120331390696e-01
6.858135352749797908e-01
6.868397173472754469e-01
6.878239196532529576e-01
6.888304815860646357e-01
6.898101609399455159e-01
6.907852693338808470e-01
6.917696839897173877e-01
6.927559082434019411e-01
6.937379296033967524e-01
6.947107963010225040e-01
6.956858536711930663e-01
6.966619232858367594e-01
6.976063979862330289e-01
6.985746857175486602e-01
6.995353750334382115e-01
7.004717390875171423e-01
7.014453653888141904e-01
7.023828767343036628e-01
7.033231037522321705e-01
7.042842348608018277e-01
7.052226798496449289e-01
7.061506170624638479e-01
7.070935963049351791e-01
7.079934227330103580e-01
7.089214130432259786e-01
7.098352363649884644e-01
7.107539521257809634e-01
7.116475129188394311e-01
7.125541407056144028e-01
7.134554252460554302e-01
7.143761423560914814e-01
7.152447516917147530e-01
7.161349271127296356e-01
7.170063064840247469e-01
7.178880783508986285e-01
7.187578237635288136e-01
7.196322505925780710e-01
7.204954624948570752e-01
7.213309553353409731e-01
7.222108600488917896e-01
7.230531913550919398e-01
7.238949547390803874e-01
7.247723037849110872e-01
7.256090888494466373e-01
7.264618609886679401e-01
7.273060905248263097e-01
7.281236428730031296e-01
7.289582942742093286e-01
7.297947756356559790e-01
7.305980175054554993e-01
7.276940425752509434e-01
7.204488169358824745e-01
7.137299315554691548e-01
7.074386497373659211e-01
7.013811757999681706e-01
6.953760199400238484e-01
6.893689089047029261e-01
6.834638592516215638e-01
6.774874399970827188e-01
6.715098525813145702e-01
6.656891211365940642e-01
6.599324847593465160e-01
6.542476944489027391e-01
6.486041831845924532e-01
6.431283661126843132e-01
6.377709225087414557e-01
6.325440877163835962e-01
6.276127768337543822e-01
6.225577590192299393e-01
6.176265343314125689e-01
6.128168568364039670e-01
6.080716576445541754e-01
6.034303498484621109e-01
5.988866057377834062e-01
5.943790501454921937e-01
5.900062540443276049e-01
5.856919838314530447e-01
5.815320466527016396e-01
5.774374380545594931e-01
5.734292415059274450e-01
5.694879305714055651e-01
5.656235118788738303e-01
5.618311233310161468e-01
5.580960250701720859e-01
5.544700672273541464e-01
5.509352297527680964e-01
5.474442980777434187e-01
5.440213430562712560e-01
5.406864056582045830e-01
5.374109677523488671e-01
5.342056497156151273e-01
5.310463215434073625e-01
5.279718332832339378e-01
5.249445090776422296e-01
5.219644231583620009e-01
5.190667828750538115e-01
5.161974763679726408e-01
5.133975754099099342e-01
5.106529188809419972e-01
5.079841337231690845e-01
5.053163324982482552e-01
5.026980505068041616e-01
5.001377742687937999e-01
4.976463792261102137e-01
4.952234120602062584e-01
4.927992919845791131e-01
4.904181547366974758e-01
4.880902903847188501e-01
4.858259108833116180e-01
4.835784976149372083e-01
4.813969477612986547e-01
4.792454084257616320e-01
4.771490442794141251e-01
4.750721129269229737e-01
4.730364425150018204e-01
4.710406810055881022e-01
4.690936681650813012e-01
4.671687565779180651e-01
4.652797219760505532e-01
4.634255039212191729e-01
4.615942127568905540e-01
4.597959746985346152e-01
4.580237099690238067e-01
4.562875127583298496e-01
4.546055550373908072e-01
4.529569475396513778e-01
4.512922052122178562e-01
4.496783110790529836e-01
4.480813094722703172e-01
4.465122217399825622e-01
4.449814978255444142e-01
4.434785562932326841e-01
4.420009203700006051e-01
4.405396406322008573e-01
4.391056639126804662e-01
4.377148969890830577e-01
4.363368920572429643e-01
4.349795253075386392e-01
4.336585060095768940e-01
4.323482184867334377e-01
4.310522162769336862e-01
4.297744350488571508e-01
4.285193877395506723e-01
4.272850534371701592e-01
4.260692915616841603e-01
4.248669595973267321e-01
4.237064805361102082e-01
4.225390233935472639e-01
4.214047261918132392e-01
4.202897745142570862e-01
4.191785563607396403e-01
4.181106281172076722e-01
4.170491304949571765e-01
4.160003223264722716e-01
4.149626380510694768e-01
4.139394872016454174e-01
4.129394264492501909e-01
4.119486490802126144e-01
4.109787677229330138e-01
4.100228774120261988e-01
4.090821340920263172e-01
4.081500433200915823e-01
4.072405888366562587e-01
4.063392512736198059e-01
4.054481852127151398e-01
4.045747598708044901e-01
4.037115916582054709e-01
4.028657087299219453e-01
4.020308091246581617e-01
4.012093071015397916e-01
4.004066566596065080e-01
3.996099637519305858e-01
3.988177941705696172e-01
3.980486047102776426e-01
3.972808545949098047e-01
3.965366317711180866e-01
3.957929762760667436e-01
3.950687640776183729e-01
3.943414882905869612e-01
3.936302652528215762e-01
3.929274804425967327e-01
3.922378492078766876e-01
3.915566390427547283e-01
3.908864534303654326e-01
3.902248746793797740e-01
3.895803376328625944e-01
3.889468850607332162e-01
3.883069060835445119e-01
3.876902053691182459e-01
3.870739997192256809e-01
3.864705381131270934e-01
3.858800508078503722e-01
3.852829988432422970e-01
3.847070608260333424e-01
3.841345860733657580e-01
3.835741246596354737e-01
3.830250329410472276e-01
3.824838549783904917e-01
3.819427423260686738e-01
3.814100660365144502e-01
3.808899873007065007e-01
3.803659756930365399e-01
3.798580058188130715e-01
3.793381599613604993e-01
3.788436268063349321e-01
3.783607741187878237e-01
3.778890708573167112e-01
3.774162339728763249e-01
3.769521417340462310e-01
3.764945754332865158e-01
3.760422349986232704e-01
3.755932752932083507e-01
3.751639076544578955e-01
3.493071058503428583e-01
3.399466445501413414e-01
3.397075832686202168e-01
3.394593700121124047e-01
3.391444356773385960e-01
3.387325067883357743e-01
3.382174403864017243e-01
3.376381737174649067e-01
3.370317857428981601e-01
3.364409456722602387e-01
3.358649486510991711e-01
3.353332941474621021e-01
3.348266554982710086e-01
3.343367806068994752e-01
3.338759630008155677e-01
3.334318035411151793e-01
3.329945091950335390e-01
3.325747370672482162e-01
3.321627023814868185e-01
3.317563418808902043e-01
3.313652747098508322e-01
3.309936676525360166e-01
3.306225534301586166e-01
3.302635802611625926e-01
3.299134513226519849e-01
3.295778642607284925e-01
3.292406284665402305e-01
3.289105268254725045e-01
3.285831864379890055e-01
3.456395940799748545e-01
3.509972371246147804e-01
3.565210918940790452e-01
3.621253022488019058e-01
3.677255838339978933e-01
3.733226139413872713e-01
3.789555249113916724e-01
3.845771642291011538e-01
3.901961051641492095e-01
3.959820671217667565e-01
4.019299504515137511e-01
4.079726401824581017e-01
4.142569419757234916e-01
