2.670855082892657606e+02
2.672835862076328795e+02
2.672899610991756845e+02
2.672966953220292794e+02
2.672949914803671163e+02
2.672923951558670979e+02
2.672897350953096520e+02
2.672845153851903319e+02
2.672844458531475311e+02
2.672845192623682351e+02
2.672845868756035657e+02
2.672845578956768122e+02
2.672844033426610508e+02
2.672841386857049315e+02
2.672838083541024616e+02
2.672834490425731815e+02
2.672831032616035714e+02
2.672827941753536152e+02
2.672825353143828693e+02
2.672823305360878408e+02
2.672821624722939191e+02
2.672820195310304143e+02
2.672818920193524832e+02
2.672817703234414353e+02
2.672816486275303873e+02
2.672815211158524562e+02
2.672813955625450149e+02
2.672812738468524572e+02
2.672811540895303892e+02
2.672810401084121281e+02
2.672809319232792404e+02
2.672808334113096862e+02
2.672807406755439388e+02
2.672806556743524879e+02
2.672805764691464105e+02
2.672805049985146297e+02
2.672804354466903192e+02
2.672803717106328918e+02
2.672803060162049746e+02
2.672802422801474904e+02
2.672801823817049467e+02
2.672801282990292862e+02
2.672800742163535688e+02
2.672800220524853785e+02
2.672799718272060545e+02
2.672799254593231808e+02
2.672798810300292871e+02
2.672798346621464134e+02
2.672797902328524629e+02
2.672797458035585692e+02
2.672797052316610120e+02
2.672796608023671183e+02
2.672796202304696180e+02
2.672795815971610409e+02
2.672795449024414438e+02
2.672795101265292601e+02
2.672794753506171332e+02
2.672794405747049495e+02
2.672794038799853524e+02
2.672793691040731687e+02
2.672793401241464153e+02
2.672793092254121348e+02
2.672792802454853245e+02
2.672792474081621208e+02
2.672792145708389739e+02
2.672791836523231837e+02
2.672791546723963734e+02
2.672791256924695631e+02
2.672790986511317328e+02
2.672790735483828826e+02
2.672790445684560723e+02
2.672823826999560879e+02
2.672823884959414045e+02
2.672823382706621373e+02
2.672821103084256720e+02
2.672817336089403284e+02
2.672812777240303603e+02
2.672808179421610362e+02
2.672804084053524889e+02
2.672800800123389422e+02
2.672798423967207100e+02
2.672796801289121618e+02
2.672795719437792741e+02
2.672794985345585701e+02
2.672794386558975361e+02
2.672793768386475222e+02
2.672793111442196050e+02
2.640280715335596824e+02
2.642620556207950244e+02
2.642092134442342513e+02
2.642198344390450302e+02
2.642283787303231861e+02
2.642345198834256621e+02
2.642384858605889235e+02
2.642408059361621326e+02
2.642420422811621279e+02
2.635052559891902888e+02
2.634627141292195915e+02
2.634192218463389281e+02
2.633757720343817255e+02
2.631860722820878209e+02
2.632460562599403033e+02
2.632434792619853283e+02
2.632410819197950218e+02
2.632425500646463661e+02
2.632438347161182151e+02
2.632678874223535672e+02
2.632826115198242860e+02
2.632788831582792568e+02
2.632740691473536003e+02
2.632541446663085480e+02
2.632535013910596717e+02
2.632528175241317285e+02
2.632632801085304095e+02
2.632684051442950022e+02
2.632713124738524471e+02
2.632718359917792554e+02
2.632704431749560854e+02
2.632678352584853201e+02
2.632559605504999922e+02
2.632614371632195684e+02
2.632652427913817519e+02
2.632667148134109993e+02
2.632661623353389473e+02
2.632642266740439254e+02
2.632615530829268096e+02
2.602936064598682151e+02
2.601576896338817733e+02
2.595488728037657324e+02
2.595524214897646402e+02
2.595567120025450549e+02
2.595598704782804020e+02
2.595616593013524493e+02
2.595622195337803646e+02
2.595618775904256381e+02
2.595610063529402964e+02
2.595784195106767811e+02
2.596018656363828541e+02
2.595970110535596973e+02
2.595454747738231731e+02
2.595313089701914464e+02
2.595217234390450471e+02
2.595267441470732024e+02
2.595298466015439089e+02
2.595326051938524756e+02
2.595349581265303982e+02
2.595369034214256772e+02
2.595384817097803989e+02
2.595390863517206981e+02
2.595381745423378561e+02
2.595361017357646460e+02
2.595350141477950388e+02
2.595351126597646498e+02
2.595352111717342041e+02
2.595353097034853249e+02
2.595354062966475226e+02
2.595351339051171067e+02
2.595351435782803833e+02
2.595352614167950378e+02
2.539761752081621466e+02
2.531080485250743095e+02
2.530678673125743217e+02
2.530270910917342349e+02
2.526699419397500037e+02
2.526753973071171231e+02
2.526792917938670939e+02
2.526813626816328622e+02
2.526817799332342247e+02
2.526809917781328636e+02
2.526794656536463890e+02
2.526729323516914292e+02
2.526747443587049418e+02
2.526752427738828715e+02
2.526756484532950253e+02
2.526759459475742915e+02
2.526761429912950234e+02
2.526762550338243045e+02
2.526763168510743185e+02
2.526777231786756772e+02
2.526778815890878320e+02
2.526755170842207008e+02
2.526733109897657528e+02
2.526711280594707318e+02
2.526721557687792767e+02
2.526728627998671186e+02
2.526732878058243159e+02
2.526692967259121474e+02
2.526549860226463977e+02
2.526571109930878265e+02
2.526589346118535957e+02
2.526604414097950269e+02
2.526616545708535853e+02
2.526626359122792564e+02
2.526634472711035926e+02
2.526733457458963983e+02
2.526744198230878169e+02
2.526753548164121526e+02
2.526761313993243050e+02
2.526767650211914429e+02
2.526772750085585528e+02
2.536401250451914393e+02
2.539680501070743048e+02
2.546700545128671251e+02
2.578047261363535654e+02
2.573330469882939155e+02
2.573368758003974790e+02
2.573348918524121700e+02
2.573349420776914371e+02
2.573362247905743061e+02
2.573377586298535675e+02
2.573389698523232028e+02
2.573398604163535879e+02
2.573404148330146199e+02
2.573406427754695756e+02
2.573405886927939150e+02
2.573403259744267757e+02
2.573399454175450387e+02
2.573395088196170946e+02
2.573390780374560904e+02
2.573386839500146266e+02
2.573383400878524867e+02
2.573380406747657503e+02
2.573377856711914546e+02
2.573375538515585390e+02
2.573373413584707237e+02
2.573371423761610117e+02
2.573369550056036132e+02
2.573367676152646482e+02
2.573365860209109997e+02
2.573364160383096646e+02
2.573362479547342332e+02
2.573360895641035881e+02
2.573359369496768068e+02
2.573357939886317354e+02
2.573356549047646240e+02
2.573355216168828861e+02
2.573353960437939350e+02
2.573352724092939070e+02
2.573351545707792525e+02
2.573350405896610482e+02
2.573349304857206903e+02
2.573348242391767826e+02
2.573347199114402883e+02
2.573346194608817541e+02
2.573345209489121430e+02
2.573344282131463956e+02
2.573343335585731779e+02
2.573342446999853337e+02
2.573341539028085663e+02
2.573340611868243286e+02
2.573339723084549178e+02
2.573338815310596601e+02
2.573337945912792861e+02
2.573337095900878353e+02
2.573336245888963845e+02
2.573335453836903071e+02
2.573334661982657394e+02
2.573333927890450354e+02
2.573333174412353515e+02
2.573332440320146475e+02
2.573331706227938867e+02
2.573330952947657693e+02
2.573330218855450084e+02
2.573329484763243045e+02
2.573327552899999660e+02
2.573319072364560611e+02
2.573303405598535960e+02
2.573283102439853565e+02
2.573180196005585572e+02
2.573176834729707139e+02
2.573173647333389340e+02
2.573170575658963912e+02
2.573167678061914216e+02
2.573165050878242823e+02
2.573162713296024435e+02
2.573160704284853750e+02
2.573159004261024734e+02
2.573157574848389686e+02
2.573156435037207075e+02
2.573155546451328632e+02
2.573154812359121593e+02
2.573154271334549321e+02
2.573153904387353350e+02
2.573153653162049750e+02
2.573153730507792716e+02
2.573149866979121612e+02
2.573139724993817481e+02
2.573125004773524438e+02
2.573055827413378438e+02
2.573054591068378159e+02
2.573053914936024853e+02
2.573053451257196116e+02
2.573053026350146411e+02
2.573052717362803605e+02
2.573052466137500005e+02
2.573052427563536071e+02
2.573052659402950439e+02
2.573053161655743111e+02
2.573053953707803885e+02
2.573055054747206896e+02
2.573056445585878578e+02
2.573058068263964060e+02
2.573059903593389777e+02
2.573061912604560462e+02
2.573064056921328984e+02
2.573066278386024806e+02
2.573068558008389459e+02
2.573070933966756684e+02
2.573073348696902940e+02
2.573075744238975062e+02
2.573078216928975053e+02
2.573080689618975043e+02
2.573083200882938968e+02
2.573085770106756627e+02
2.573088339528389383e+02
2.573090676912792674e+02
2.573093845121035770e+02
2.573098848460889485e+02
2.573106015305585288e+02
2.573114862986035973e+02
2.573124038841903030e+02
2.573132847948389781e+02
2.573140497857804121e+02
2.573146872650439150e+02
2.573151875990292865e+02
2.573155894210450469e+02
2.573159216714549302e+02
2.573162133895303896e+02
2.573164838226903157e+02
2.573167368876756882e+02
2.573169860952646104e+02
2.573172333642646095e+02
2.573174265505889480e+02
2.573176429010732136e+02
2.573181335816767614e+02
2.573190125339549468e+02
2.573201812657196115e+02
2.573214465906463602e+02
2.573226616902938986e+02
2.573237280329110490e+02
2.573245741676474836e+02
2.573252135854999665e+02
2.573256733475878377e+02
2.573260094751756810e+02
2.573262664173389567e+02
2.573264789104267720e+02
2.573266720769696008e+02
2.573268517327342124e+02
2.573270256122950173e+02
2.573271917375000157e+02
2.573273327599560503e+02
2.573274563944560782e+02
2.573275529876182190e+02
2.573276283156463933e+02
2.573276785409256604e+02
2.573277133168378441e+02
2.573277326433828875e+02
2.573277422967646544e+02
2.573277384393682041e+02
2.573277287662049275e+02
2.573277133168378441e+02
2.573276882140889370e+02
2.573276592341621267e+02
2.573276225196610199e+02
2.573275800289560493e+02
2.573275355996621556e+02
2.573274892317792819e+02
2.573275008237499719e+02
2.603925024678974864e+02
2.601805388324403339e+02
2.601430177002792448e+02
2.600922406352804046e+02
2.601511911078389403e+02
2.601501092960731967e+02
2.601507429179403061e+02
2.601524158608682455e+02
2.601543186650585540e+02
2.601561615905878284e+02
2.601577340631756670e+02
2.601589453054268120e+02
2.601598261962939205e+02
2.601604366342195931e+02
2.601608712935585572e+02
2.601612074211464005e+02
2.601614991194402933e+02
2.601617850415303792e+02
2.601620632092646019e+02
2.601623104782646578e+02
2.601624341127646289e+02
2.601640085239414475e+02
2.601655211178682521e+02
2.601672307357342220e+02
2.601688824333096477e+02
2.601703080874560783e+02
2.601714304513378124e+02
2.601722418101621770e+02
2.601728058802049190e+02
2.601731883756756929e+02
2.601734607672060520e+02
2.601736829136756910e+02
2.601738760999999727e+02
2.601740576943535643e+02
2.601742276769549562e+02
2.601743802913817376e+02
2.601745078030596687e+02
2.601746024576328864e+02
2.601746681322792938e+02
2.601747106427657741e+02
2.601747299495292509e+02
2.601747318881182309e+02
2.601747260921328575e+02
2.601747067655878141e+02
2.601746661936903138e+02
2.601745927844696098e+02
2.601744884765146253e+02
2.601743648420145973e+02
2.601742276769549562e+02
2.601740924702657480e+02
2.601739688357657769e+02
2.601738548546475158e+02
2.601737505269110216e+02
2.601736558723378039e+02
2.601735670137500165e+02
2.601734800739695856e+02
2.601733950925596446e+02
2.601733062141902906e+02
2.601732154367950329e+02
2.601731265584256789e+02
2.601730338424414413e+02
2.601729411066756938e+02
2.601728522480878496e+02
2.601727653280889285e+02
2.601726783883085545e+02
2.601725933871171037e+02
2.601725103245146329e+02
2.601724291807195755e+02
2.601723461181171047e+02
2.601722611169256538e+02
2.601721780543231830e+02
2.601720949917207122e+02
2.601720157865146348e+02
2.601719365813085574e+02
2.601718573761024800e+02
2.601717781708964026e+02
2.601717028428682283e+02
2.601716236376621509e+02
2.601715502284414470e+02
2.601714748806317630e+02
2.601714014714110021e+02
2.601713280621902982e+02
2.601722572595292604e+02
2.601728889625889565e+02
2.601734588286171288e+02
2.601739301826756900e+02
2.601742991673682468e+02
2.601745773351024695e+02
2.601747859707938915e+02
2.601749540345878131e+02
2.601750911996475111e+02
2.601752109569695790e+02
2.601753152847060733e+02
2.601754137966756844e+02
2.602469962533682519e+02
2.602527954828975112e+02
2.602577041483963853e+02
2.602617164736610107e+02
2.602647841522195904e+02
2.602669303877950142e+02
2.602682613873682271e+02
2.602688563759268163e+02
2.628683354942657502e+02
2.636242870525450144e+02
2.639934577309560950e+02
2.640200661897939085e+02
2.640456218365742984e+02
2.641361415973378257e+02
2.641419562762342252e+02
2.641191070776756646e+02
2.640929506661328787e+02
2.640681271729707191e+02
2.639944274804110478e+02
2.640387311418975287e+02
2.640396390741024675e+02
2.640397897499403257e+02
2.640422952970450297e+02
2.640433249251610164e+02
2.640443101437646192e+02
2.640451775238535674e+02
2.640459193308535646e+02
2.640465239727939206e+02
2.640470127148085453e+02
2.640474125982353257e+02
2.640477467872342459e+02
2.640480385053096484e+02
2.640482973662803943e+02
2.640485369007060399e+02
2.640487551897792855e+02
2.640489406415292706e+02
2.640490778065889685e+02
2.640491686037657360e+02
2.640492226864414533e+02
2.640492574623535802e+02
2.640492980144695707e+02
2.640497983484549422e+02
2.640500591480146113e+02
2.640503160703963772e+02
2.640505401554549394e+02
2.640507294843828845e+02
2.640508820988096659e+02
2.640509999373243204e+02
2.640510926533085581e+02
2.640511641239403389e+02
2.640512201452049226e+02
2.640512568597060863e+02
2.640512626556914029e+02
2.640512452677353394e+02
2.640512143492196060e+02
2.640444337782646471e+02
2.640427086912499703e+02
2.640298449072646463e+02
2.640300207056328645e+02
2.640301926268231796e+02
2.640303568332207078e+02
2.640305171624403329e+02
2.640306736540450174e+02
2.640308127379121288e+02
2.640309228418524867e+02
2.640310039856474873e+02
2.640310715988828747e+02
2.640311334161328887e+02
2.640312029481756895e+02
2.640312860305596701e+02
2.640313864811182043e+02
2.640314985236474854e+02
2.640316202195585333e+02
2.640317399966621679e+02
2.640318578351767655e+02
2.640319776122804001e+02
2.640320954507950546e+02
2.640322074933243357e+02
2.640323195358536168e+02
2.640324315783828979e+02
2.640325416823231990e+02
2.640326537248524801e+02
2.640327657673817612e+02
2.640328758911035720e+02
2.640329917910292465e+02
2.640331057721475077e+02
2.640332178146767887e+02
2.640333279186170898e+02
2.640334322463535841e+02
2.640335346157195886e+02
2.640336370048671029e+02
2.640337355366182237e+02
2.640338340485878348e+02
2.640339287031610525e+02
2.640340252963231933e+02
2.640341199508964110e+02
2.640342146054695718e+02
2.640343092798242992e+02
2.640344039343975169e+02
2.640344927929853611e+02
2.640345816515732054e+02
2.640346705101610496e+02
2.640347574499414236e+02
2.640348482471182479e+02
2.640349332483096987e+02
2.640350182297195829e+02
2.640351013121035635e+02
2.640351805173096409e+02
2.640352616413231885e+02
2.640353389079402859e+02
2.640354161943389499e+02
2.640354876649707307e+02
2.640355591356024547e+02
2.640356325448232155e+02
2.640357059540439195e+02
2.640357793632646235e+02
2.640358489150889341e+02
2.640359203857207149e+02
2.640359918563524388e+02
2.640360652655731997e+02
2.640361367362049236e+02
2.640362082266182142e+02
2.640362719626756416e+02
2.640363415145000090e+02
2.640364091277353396e+02
2.640364728835743335e+02
2.640365347008242907e+02
2.640365965180743046e+02
2.640366563967353386e+02
2.640367182139853526e+02
2.640367780926463865e+02
2.640368379910889303e+02
2.640368978697499642e+02
2.640369538910146048e+02
2.640370118508682253e+02
2.640370659335438859e+02
2.640371180974121330e+02
2.640371721800878504e+02
2.640372262825450207e+02
2.640372823038096612e+02
2.640373383250743018e+02
2.640373943463389423e+02
2.640374464904256797e+02
2.640374986542939268e+02
2.640370562801621190e+02
2.640346009781182488e+02
2.640305770608828766e+02
2.640244011318682169e+02
2.640261165457195602e+02
2.640276890380889654e+02
2.640289929963242912e+02
2.640300226244403348e+02
2.640308262486902890e+02
2.640314676051317520e+02
2.640320181643963906e+02
2.640325262329560587e+02
2.640330130363817602e+02
2.640334882676182247e+02
2.640339538256914125e+02
2.640343923424267700e+02
2.640347980218389239e+02
2.640351747213243243e+02
2.640355185637049544e+02
2.640358295885438906e+02
2.640361116334560734e+02
2.640363704944267624e+02
2.640366042328670915e+02
2.637958743505889743e+02
2.637152124927206955e+02
2.636337470106024625e+02
2.631583453167646098e+02
2.630820377077342300e+02
2.630048724115596883e+02
2.629277090144110502e+02
2.628495353156914121e+02
2.626949033321035927e+02
2.620228145981328680e+02
2.619143543043096543e+02
2.609971427861328834e+02
2.605684614027353518e+02
2.604164624383670912e+02
2.605056821180731959e+02
2.605088058178963593e+02
2.605109675028389233e+02
2.605127447339402806e+02
2.605144563101767972e+02
2.605162393570450377e+02
2.605181035279267689e+02
2.605200198626768042e+02
2.605219284628524861e+02
2.605237540004256971e+02
2.605254018208231628e+02
2.605268371481328700e+02
2.605304399365889481e+02
2.605318462641903352e+02
2.605333627352950430e+02
2.605346898576902959e+02
2.605355920136914278e+02
2.605364207406902892e+02
2.605381187863671357e+02
2.605518557464267815e+02
2.605317554867950207e+02
2.605330362610889665e+02
2.605340176025146093e+02
2.605349776985878520e+02
2.605384317497950519e+02
2.605396835441621306e+02
2.605407576213535776e+02
2.605416559001768064e+02
2.605424092991474936e+02
2.605430661049560968e+02
2.605436552975292557e+02
2.605442019993975009e+02
2.605446945988085758e+02
2.605451273195585600e+02
2.605455117536182570e+02
2.605458594731767903e+02
2.605462033353389302e+02
2.605465317283524769e+02
2.605468543451621599e+02
2.605471653502195863e+02
2.605474705790732060e+02
2.605477584199707053e+02
2.605480269343231612e+02
2.605482819378975137e+02
2.605508396290889550e+02
2.605520836888817371e+02
2.605532968499402955e+02
2.605543748043096457e+02
2.605552692059549713e+02
2.605559820528096679e+02
2.605565557762342337e+02
2.605570213540889313e+02
2.605574077069560417e+02
2.605577496305292584e+02
2.605580606553682514e+02
2.605583465576767708e+02
2.605586112146328901e+02
2.605588565450439091e+02
2.605590748341170979e+02
2.605592776738232033e+02
2.605594612067657749e+02
2.605596234745743232e+02
2.605597664158378279e+02
2.605598900503377990e+02
2.605600001740596667e+02
2.605600948286328844e+02
2.605601778912353552e+02
2.605602513004560592e+02
2.605603169751024666e+02
2.605603768735450103e+02
2.605604251602353543e+02
2.605604695895292480e+02
2.605605005080450383e+02
2.605605294681903388e+02
2.605605507333243054e+02
2.605605777746621357e+02
2.605605951626182559e+02
2.605606125505743194e+02
2.605606202653671062e+02
2.605606299385303828e+02
2.605606337959267762e+02
2.605606376533231696e+02
2.605606376533231696e+02
2.605606376533231696e+02
2.605606337959267762e+02
2.605606279999414028e+02
2.605606202653671062e+02
2.605606144693817328e+02
2.605606086733964162e+02
2.605605990200146493e+02
2.605605893666328825e+02
2.605605835706475091e+02
2.605605739172657422e+02
2.605605681212803688e+02
2.605605584481170922e+02
2.605605507333243054e+02
2.605605391413536154e+02
2.605605256107938885e+02
2.605605140188231985e+02
2.605604947120596648e+02
2.605604792429110148e+02
2.605604657321328546e+02
2.605604502827657711e+02
2.605604367522060443e+02
2.605604213028389609e+02
2.605604097108682140e+02
2.605603961803085440e+02
2.605603826695303837e+02
2.605603672003817337e+02
2.605603517510146503e+02
2.605603363016475100e+02
2.605603208522803698e+02
2.605603015257353263e+02
2.605602860763682429e+02
2.605602725458085729e+02
2.605602570964414326e+02
2.605602435658817626e+02
2.605602339124999958e+02
2.605602242591182289e+02
2.605601547072939184e+02
2.605633711428828860e+02
2.605649725953975349e+02
2.605664021069403020e+02
2.605675824306756567e+02
2.605685174239999924e+02
2.605692534350146161e+02
2.605698387701914385e+02
2.605703159202353731e+02
2.605707293144403138e+02
2.605710905645585171e+02
2.605714208961610439e+02
2.605717164716328966e+02
2.605719888433817459e+02
2.605722322549853516e+02
2.605724544014549338e+02
2.605726514451756657e+02
2.605728272435438839e+02
2.605729798579707222e+02
2.605731170230303633e+02
2.605732329229560946e+02
2.605733353121036089e+02
2.605734241706914531e+02
2.605734975799121571e+02
2.605735574585731911e+02
2.605718227181768043e+02
2.605707235184549404e+02
2.605683532176024642e+02
2.605536407121024922e+02
2.605536175281609985e+02
2.605534340149999935e+02
2.603651946927646463e+02
2.598935986270889771e+02
2.591570769920732005e+02
2.589458435914268080e+02
2.585550329983378219e+02
2.585697918717207244e+02
2.585711537898096708e+02
2.585678291690878154e+02
2.585567291054256884e+02
2.585601619112803746e+02
2.585609693929267792e+02
2.585616339333096789e+02
2.585621767579999641e+02
2.585626210707206951e+02
2.585629939128096453e+02
2.585633242444121720e+02
2.585643925256182456e+02
2.585648348997499966e+02
2.585650377394560451e+02
2.585652289871914036e+02
2.585654047855596787e+02
2.585655709107646203e+02
2.585657254637803817e+02
2.585658742010292599e+02
2.585660132848963713e+02
2.585661446539706958e+02
2.585662605538963703e+02
2.585663745350146314e+02
2.585664807815585391e+02
2.585665851092950334e+02
2.585666797638682510e+02
2.585667744184414119e+02
2.585668671344256495e+02
2.585669521356171003e+02
2.585670313408231777e+02
2.585671066886328617e+02
2.585671839552500160e+02
2.585672554258817399e+02
2.585673269162950305e+02
2.585673964483378313e+02
2.585674582655878453e+02
2.585675220214267824e+02
2.585675857772657764e+02
2.585676456559268104e+02
2.585677055345878443e+02
2.585677596370450146e+02
2.585678137197207320e+02
2.585678678023963926e+02
2.585679180276756597e+02
2.585679701915439068e+02
2.585680204168231739e+02
2.585680706421024979e+02
2.585681150713963916e+02
2.585703965136610236e+02
2.585713469563524427e+02
2.585722162750303710e+02
2.585729793273828818e+02
2.585736168066463847e+02
2.585741384057657228e+02
2.585745614533524872e+02
2.585749188460742971e+02
2.585752221363389367e+02
2.585754829161170960e+02
2.585757147357500116e+02
2.585759175754560601e+02
2.585760952926317486e+02
2.585762537030439034e+02
2.585763927869110148e+02
2.585765164214110428e+02
2.585708659489121715e+02
2.585724113801621797e+02
2.585730623899853526e+02
2.585736631745292584e+02
2.585741828350596734e+02
2.585746020252499875e+02
2.585749091729110205e+02
2.585751719110596696e+02
2.585753728121767949e+02
2.585755466719560900e+02
2.585756896132195948e+02
2.585758132477195659e+02
2.585759233714414336e+02
2.585760257605889478e+02
2.585761126805878121e+02
2.585761899472049663e+02
2.585762537030439034e+02
2.585757804103964190e+02
2.585793291161767797e+02
2.585800709231767769e+02
2.585806890956768029e+02
2.585811971444549613e+02
2.585845391531328801e+02
2.585846705024256948e+02
