3.244143560975999662e+03
3.213623080487999232e+03
3.212640816767999240e+03
3.211603186127999379e+03
3.211865719511999941e+03
3.212265769511999679e+03
3.212675640167999518e+03
3.213479909831999521e+03
3.213490623551999306e+03
3.213479312423999545e+03
3.213468894359999467e+03
3.213473359679999703e+03
3.213497173703999579e+03
3.213537952895999751e+03
3.213588851447999787e+03
3.213644215319999148e+03
3.213697494359999382e+03
3.213745119359999535e+03
3.213785005487999115e+03
3.213816558383999563e+03
3.213842454191999423e+03
3.213864479039999878e+03
3.213884126447999734e+03
3.213902877743999397e+03
3.213921629039999971e+03
3.213941276447999826e+03
3.213960622103999413e+03
3.213979376447999584e+03
3.213997829039999942e+03
3.214015391615999761e+03
3.214032061127999441e+03
3.214047240167999462e+03
3.214061529191999398e+03
3.214074626447999890e+03
3.214086830639999789e+03
3.214097843063999790e+03
3.214108559831999628e+03
3.214118380487999275e+03
3.214128502895999645e+03
3.214138323551999292e+03
3.214147552895999524e+03
3.214155886127999565e+03
3.214164219359999606e+03
3.214172256935999485e+03
3.214179995807999603e+03
3.214187140319999344e+03
3.214193986127999324e+03
3.214201130639999519e+03
3.214207976447999499e+03
3.214214822255999479e+03
3.214221073703999991e+03
3.214227919511999971e+03
3.214234170959999574e+03
3.214240123703999870e+03
3.214245777743999497e+03
3.214251136127999416e+03
3.214256494511999790e+03
3.214261852895999709e+03
3.214267506935999336e+03
3.214272865319999255e+03
3.214277330639999491e+03
3.214282091615999434e+03
3.214286556935999215e+03
3.214291616615999828e+03
3.214296676295999532e+03
3.214301440319999529e+03
3.214305905639999764e+03
3.214310370959999545e+03
3.214314537575999566e+03
3.214318405487999371e+03
3.214322870807999607e+03
3.213808520807999685e+03
3.213807627743999547e+03
3.213815366615999665e+03
3.213850491767999301e+03
3.213908534831999532e+03
3.213978779039999608e+03
3.214049623703999714e+03
3.214112726447999648e+03
3.214163326295999468e+03
3.214199938871999620e+03
3.214224941615999796e+03
3.214241611127999477e+03
3.214252922255999692e+03
3.214262148551999417e+03
3.214271673551999356e+03
3.214281795959999272e+03
3.715243215167999551e+03
3.679190197103999253e+03
3.687332289023999692e+03
3.685695772103999388e+03
3.684379240319999099e+03
3.683432991767999283e+03
3.682821901295999396e+03
3.682464416615999653e+03
3.682273916615999497e+03
3.795800309831999584e+03
3.802355295959999239e+03
3.809056726295999397e+03
3.815751612575999388e+03
3.844981158383999627e+03
3.835738634831999661e+03
3.836135706935999224e+03
3.836505097103999105e+03
3.836278880639999443e+03
3.836080937423999785e+03
3.832374819359999492e+03
3.830106083231999492e+03
3.830680561127999226e+03
3.831422319359999619e+03
3.834492347255999448e+03
3.834591465167999559e+03
3.834696837575999325e+03
3.833084729039999729e+03
3.832295047103999423e+03
3.831847076447999370e+03
3.831766411127999163e+03
3.831981020807999357e+03
3.832382856935999371e+03
3.834212549999999283e+03
3.833368695959999059e+03
3.832782312575999185e+03
3.832555498703999547e+03
3.832640626295999482e+03
3.832938879191999604e+03
3.833350834679999934e+03
4.290661562423999385e+03
4.311604062575999706e+03
4.405412510975999794e+03
4.404865718063999338e+03
4.404204622103999100e+03
4.403717954039999313e+03
4.403442326447999221e+03
4.403356004039999789e+03
4.403408691767999699e+03
4.403542934831999446e+03
4.400859859679999317e+03
4.397247205487999054e+03
4.397995215167999049e+03
4.405936090319999494e+03
4.408118802743999368e+03
4.409595772103999479e+03
4.408822165319998930e+03
4.408344129191998945e+03
4.407919076447999942e+03
4.407556529039999987e+03
4.407256791767998948e+03
4.407013604039999336e+03
4.406920438871999977e+03
4.407060933383999327e+03
4.407380318063999766e+03
4.407547897103999276e+03
4.407532718063999710e+03
4.407517539023999234e+03
4.407502356935999160e+03
4.407487473551999756e+03
4.407529444511999827e+03
4.407527954039999713e+03
4.407509797103999517e+03
5.264071616615999119e+03
5.397835358231999635e+03
5.404026608231999489e+03
5.410309539023999605e+03
5.465340224999999009e+03
5.464499644511999577e+03
5.463899569511999289e+03
5.463580480487999012e+03
5.463516189023999686e+03
5.463637630487998649e+03
5.463872780639998382e+03
5.464879452743999536e+03
5.464600252895999802e+03
5.464523455487998945e+03
5.464460947103999388e+03
5.464415108231999511e+03
5.464384747103998961e+03
5.464367483231999358e+03
5.464357958231999874e+03
5.464141266767998786e+03
5.464116858383998988e+03
5.464481188871998711e+03
5.464821110975998636e+03
5.465157463871998516e+03
5.464999111127999640e+03
5.464890169511999375e+03
5.464824683231999188e+03
5.465439641615999790e+03
5.467644680639999024e+03
5.467317258383999615e+03
5.467036269360000006e+03
5.466804097103999084e+03
5.466617169359999934e+03
5.466465961127999435e+03
5.466340944359999412e+03
5.464815755639999225e+03
5.464650258383999244e+03
5.464506191615999342e+03
5.464386533231999238e+03
5.464288902743999643e+03
5.464210322255999017e+03
5.315851302743999440e+03
5.265323558231999414e+03
5.157156469511999603e+03
4.674156219359999341e+03
4.746834054191999712e+03
4.746244098551999741e+03
4.746549791615999311e+03
4.746542052743999193e+03
4.746344408231999296e+03
4.746108069359999718e+03
4.745921440319999419e+03
4.745784219359999042e+03
4.745698793063999801e+03
4.745663670959998854e+03
4.745672004191998894e+03
4.745712484679999761e+03
4.745771122103999005e+03
4.745838394511999468e+03
4.745904770807999739e+03
4.745965493063999929e+03
4.746018476447999092e+03
4.746064610975999130e+03
4.746103902743999242e+03
4.746139622255999711e+03
4.746172363871999551e+03
4.746203023703999861e+03
4.746231894359999387e+03
4.746260768063999421e+03
4.746288748703999772e+03
4.746314940167999339e+03
4.746340839023999251e+03
4.746365244359999451e+03
4.746388759679999566e+03
4.746410787575999166e+03
4.746432218063999244e+03
4.746452755487998729e+03
4.746472104191999279e+03
4.746491154191999158e+03
4.746509311127999354e+03
4.746526873703999627e+03
4.746543838871999469e+03
4.746560209679999389e+03
4.746576284831999146e+03
4.746591762575999383e+03
4.746606941615999858e+03
4.746621230639999339e+03
4.746635815319998983e+03
4.746649506935998943e+03
4.746663497255999573e+03
4.746677783231999456e+03
4.746691477895999924e+03
4.746705465167999137e+03
4.746718861127998935e+03
4.746731958383998972e+03
4.746745055639999009e+03
4.746757259831999363e+03
4.746769460975999209e+03
4.746780772103998970e+03
4.746792381935999401e+03
4.746803693063999162e+03
4.746815004191998923e+03
4.746826610975999756e+03
4.746837922103999517e+03
4.746849233231999278e+03
4.746878999999998996e+03
4.747009670807999100e+03
4.747251069359999747e+03
4.747563906935999512e+03
4.749149522255999727e+03
4.749201313871999446e+03
4.749250426295999205e+03
4.749297755639999195e+03
4.749342402743999628e+03
4.749382883231999585e+03
4.749418901447999815e+03
4.749449856935999378e+03
4.749476051447999453e+03
4.749498076295999454e+03
4.749515638871999727e+03
4.749529330487998777e+03
4.749540641615999448e+03
4.749548977895999997e+03
4.749554631935999168e+03
4.749558502895999482e+03
4.749557311127999128e+03
4.749616841615999874e+03
4.749773112575999221e+03
4.749999926447999314e+03
4.751065833383999234e+03
4.751084883383999113e+03
4.751095301447999191e+03
4.751102445959999386e+03
4.751108993063999151e+03
4.751113754039999549e+03
4.751117624999998952e+03
4.751118219359998875e+03
4.751114647103999232e+03
4.751106908231999114e+03
4.751094704039999669e+03
4.751077738871999827e+03
4.751056308383998839e+03
4.751031305639999118e+03
4.751003026295999007e+03
4.750972070807999444e+03
4.750939030487998934e+03
4.750904801447999489e+03
4.750869676295998943e+03
4.750833066767999298e+03
4.750795859831999223e+03
4.750758948551999310e+03
4.750720848551999552e+03
4.750682748551998884e+03
4.750644054191999203e+03
4.750604466767998929e+03
4.750564876295999056e+03
4.750528861127999335e+03
4.750480044359999738e+03
4.750402951295998719e+03
4.750292522255999756e+03
4.750156194359999063e+03
4.750014809831999628e+03
4.749879076295998857e+03
4.749761204039999939e+03
4.749662979191999511e+03
4.749585886127999402e+03
4.749523972103998858e+03
4.749472777895999570e+03
4.749427829039999779e+03
4.749386159831999066e+03
4.749347166767999624e+03
4.749308768063999196e+03
4.749270668063999437e+03
4.749240901295998810e+03
4.749207565319999048e+03
4.749131959679999454e+03
4.748996527895999861e+03
4.748816445959999328e+03
4.748621480639999390e+03
4.748434254191999571e+03
4.748269948703999944e+03
4.748139573551999092e+03
4.748041049999999814e+03
4.747970208383999307e+03
4.747918416767999588e+03
4.747878826295998806e+03
4.747846084679999876e+03
4.747816320959998848e+03
4.747788639023999167e+03
4.747761847103999571e+03
4.747736249999999018e+03
4.747714520807999179e+03
4.747695470807999300e+03
4.747680587423999896e+03
4.747668980639999063e+03
4.747661241767998945e+03
4.747655883383999026e+03
4.747652905487999305e+03
4.747651418063999699e+03
4.747652012423999622e+03
4.747653502895999736e+03
4.747655883383999026e+03
4.747659751295998831e+03
4.747664216615999067e+03
4.747669873703999656e+03
4.747676420807999421e+03
4.747683266615999855e+03
4.747690411127999141e+03
4.747688624999999774e+03
4.275423348551998970e+03
4.308083384831999865e+03
4.313864761127999373e+03
4.321688654040000074e+03
4.312605376295999122e+03
4.312772065319999456e+03
4.312674434831999861e+03
4.312416662423999696e+03
4.312123472255999332e+03
4.311839508383999600e+03
4.311597216767999271e+03
4.311410584679999374e+03
4.311274854191999111e+03
4.311180795959999159e+03
4.311113822255999366e+03
4.311062030639999648e+03
4.311017084831999455e+03
4.310973029039999346e+03
4.310930168063999190e+03
4.310892068063999432e+03
4.310873018063999552e+03
4.310630427743999462e+03
4.310397362423999766e+03
4.310133939023999119e+03
4.309879440167999746e+03
4.309659770807999848e+03
4.309486833383999510e+03
4.309361816615999487e+03
4.309274902895999730e+03
4.309215966767998907e+03
4.309173995807999745e+03
4.309139766767999390e+03
4.309109999999999673e+03
4.309082019359999322e+03
4.309055827895999755e+03
4.309032312575999640e+03
4.309012665167999330e+03
4.308998080487998777e+03
4.308987961127999370e+03
4.308981410975999097e+03
4.308978436127998975e+03
4.308978137423999215e+03
4.308979030487998898e+03
4.308982008383999528e+03
4.308988259831999130e+03
4.308999570959998891e+03
4.309015643063999960e+03
4.309034693063999839e+03
4.309055827895999755e+03
4.309076660975999403e+03
4.309095710975999282e+03
4.309113273551999555e+03
4.309129348703999312e+03
4.309143933383998956e+03
4.309157624999999825e+03
4.309171020959999623e+03
4.309184115167999153e+03
4.309197809831999621e+03
4.309211797103998833e+03
4.309225491767999301e+03
4.309239777743999184e+03
4.309254066767999575e+03
4.309267758383999535e+03
4.309281151295998825e+03
4.309294547255999532e+03
4.309307644511999570e+03
4.309320443063999846e+03
4.309332945959999051e+03
4.309345744511999328e+03
4.309358841767999365e+03
4.309371640319998733e+03
4.309384438871999919e+03
4.309396643063999363e+03
4.309408847255999717e+03
4.309421051447999162e+03
4.309433255639999516e+03
4.309444862423999439e+03
4.309457066615999793e+03
4.309468377743999554e+03
4.309479987575999075e+03
4.309491298703999746e+03
4.309502609831999507e+03
4.309359436127999288e+03
4.309262101295998946e+03
4.309174294511999506e+03
4.309101666767999632e+03
4.309044812423999247e+03
4.309001951447999090e+03
4.308969804191999174e+03
4.308943908383999769e+03
4.308922773551998944e+03
4.308904320959999495e+03
4.308888245807999738e+03
4.308873066767999262e+03
4.297843412423999325e+03
4.296949848551998912e+03
4.296193505639999785e+03
4.295575273703999301e+03
4.295102595959999235e+03
4.294771897103999436e+03
4.294566812423999181e+03
4.294475134679999428e+03
3.893939060975999382e+03
3.777459622103999209e+03
3.720576620807999461e+03
3.716476704191999488e+03
3.712539008231999560e+03
3.698591433383999629e+03
3.697695489023999471e+03
3.701216166767999312e+03
3.705246430487999078e+03
3.709071313871999791e+03
3.720427198703999693e+03
3.713600748551999459e+03
3.713460851447999630e+03
3.713437634831999731e+03
3.713051572103999206e+03
3.712892923703999713e+03
3.712741118063999693e+03
3.712607469359999413e+03
3.712493169359999683e+03
3.712400004191999415e+03
3.712324697255999581e+03
3.712263081935999253e+03
3.712211589023999295e+03
3.712166640167999503e+03
3.712126754039999923e+03
3.712089845807999609e+03
3.712056211127999177e+03
3.712027636127999358e+03
3.712006501295999442e+03
3.711992510975999721e+03
3.711984177743999226e+03
3.711978819359999306e+03
3.711972570959999302e+03
3.711895477895999647e+03
3.711855293063999852e+03
3.711815705639999578e+03
3.711781177895999463e+03
3.711752005487999213e+03
3.711728490167999553e+03
3.711710333231999812e+03
3.711696047255999474e+03
3.711685034831999474e+03
3.711676402895999672e+03
3.711670745807999538e+03
3.711669852743999400e+03
3.711672531935999359e+03
3.711677295959999356e+03
3.712722068063999814e+03
3.712987874999999349e+03
3.714969968063999659e+03
3.714942880487999446e+03
3.714916390319999209e+03
3.714891088871999727e+03
3.714866384831999312e+03
3.714842272103999221e+03
3.714820841615999598e+03
3.714803876447999755e+03
3.714791373551999641e+03
3.714780955487999108e+03
3.714771430487999169e+03
3.714760716767999384e+03
3.714747915167999508e+03
3.714732437423999727e+03
3.714715173551999214e+03
3.714696422255999551e+03
3.714677966615999594e+03
3.714659809679999853e+03
3.714641354039999896e+03
3.714623197103999246e+03
3.714605933231999643e+03
3.714588669359999585e+03
3.714571405487999073e+03
3.714554440319999230e+03
3.714537176447999627e+03
3.714519912575999570e+03
3.714502944359999674e+03
3.714485086127999239e+03
3.714467523551999420e+03
3.714450259679999817e+03
3.714433294511999975e+03
3.714417219359999308e+03
3.714401445959999364e+03
3.714385669511999822e+03
3.714370487423999748e+03
3.714355308383999272e+03
3.714340723703999629e+03
3.714325840319999315e+03
3.714311255639999672e+03
3.714296670959999119e+03
3.714282083231999877e+03
3.714267498551999324e+03
3.714253806935999364e+03
3.714240115319999404e+03
3.714226423703999899e+03
3.714213027743999191e+03
3.714199037423999471e+03
3.714185940167999433e+03
3.714172845959999449e+03
3.714160044359999574e+03
3.714147840167999675e+03
3.714135340319999159e+03
3.714123434831999475e+03
3.714111526295999283e+03
3.714100513871999738e+03
3.714089501447999737e+03
3.714078190319999067e+03
3.714066879191999305e+03
3.714055568063999544e+03
3.714044851295999251e+03
3.714033838871999706e+03
3.714022826447999705e+03
3.714011515319999035e+03
3.714000502895999489e+03
3.713989487423999435e+03
3.713979666767999333e+03
3.713968949999999495e+03
3.713958531935999417e+03
3.713948708231999717e+03
3.713939183231999777e+03
3.713929658231999838e+03
3.713920431935999204e+03
3.713910906935999265e+03
3.713901680639999540e+03
3.713892451295999308e+03
3.713883224999999584e+03
3.713874593063999782e+03
3.713865662423999765e+03
3.713857329191999270e+03
3.713849291615999391e+03
3.713840958383999350e+03
3.713832622103999256e+03
3.713823990167999455e+03
3.713815358231999653e+03
3.713806726295999397e+03
3.713798691767999117e+03
3.713790654191999693e+03
3.713858816615999785e+03
3.714237137423999684e+03
3.714857155487999080e+03
3.715808762423999724e+03
3.715544445959999393e+03
3.715302151295999465e+03
3.715101233231999686e+03
3.714942584831999739e+03
3.714818759831999614e+03
3.714719937575999211e+03
3.714635105639999438e+03
3.714556820807999429e+03
3.714481812575999356e+03
3.714408587423999506e+03
3.714336852743999316e+03
3.714269284679999600e+03
3.714206776295999134e+03
3.714148733231999813e+03
3.714095752895999794e+03
3.714047829191999426e+03
3.714004370807999749e+03
3.713964484679999714e+03
3.713928469511999992e+03
3.751020901295999465e+03
3.763449538871999721e+03
3.776002001447999646e+03
3.849253418063999561e+03
3.861011139023999476e+03
3.872901015167999503e+03
3.884790598703999876e+03
3.896835852743999567e+03
3.920662044359999527e+03
4.024219630487999439e+03
4.040931540167999628e+03
4.182258430487999249e+03
4.248311031935999381e+03
4.271731519511999977e+03
4.257984265319999395e+03
4.257502955639999527e+03
4.257169876295999529e+03
4.256896034831999714e+03
4.256632309679999707e+03
4.256357572103999701e+03
4.256070334680000087e+03
4.255775059679999686e+03
4.255480976447999637e+03
4.255199691767998956e+03
4.254945790319999105e+03
4.254724630487999093e+03
4.254169501295998998e+03
4.253952809831999730e+03
4.253719147103999603e+03
4.253514659831999779e+03
4.253375652743999126e+03
4.253247959831999651e+03
4.252986319511999682e+03
4.250869684679999409e+03
4.253966797103998942e+03
4.253769451295998806e+03
4.253618243063999216e+03
4.253470308383999509e+03
4.252938097103999098e+03
4.252745216615999198e+03
4.252579719359999217e+03
4.252441309679999904e+03
4.252325223551999443e+03
4.252224020807999295e+03
4.252133236127999226e+03
4.252048998551998920e+03
4.251973097255999164e+03
4.251906422255999132e+03
4.251847187423999458e+03
4.251793609679999463e+03
4.251740626295999391e+03
4.251690026447999116e+03
4.251640316615999836e+03
4.251592395959999521e+03
4.251545365319999291e+03
4.251501013871999930e+03
4.251459640319999380e+03
4.251420348551999268e+03
4.251026251295998918e+03
4.250834562575999371e+03
4.250647634831999312e+03
4.250481540167999810e+03
4.250343727896000019e+03
4.250233890167999562e+03
4.250145489023999289e+03
4.250073751295999500e+03
4.250014220807999664e+03
4.249961536127999352e+03
4.249913612423999439e+03
4.249869559679999838e+03
4.249828780487999211e+03
4.249790979191999213e+03
4.249757344511999690e+03
4.249726090319999457e+03
4.249697810975999346e+03
4.249672808231999625e+03
4.249650783383999624e+03
4.249631733383999745e+03
4.249614765167999394e+03
4.249600180487998841e+03
4.249587381935999474e+03
4.249576070807999713e+03
4.249565951447999396e+03
4.249556722103999164e+03
4.249549281935999716e+03
4.249542436127999281e+03
4.249537672103999284e+03
4.249533209831999557e+03
4.249529933231999166e+03
4.249525766615999601e+03
4.249523087423999641e+03
4.249520408231999681e+03
4.249519219511999836e+03
4.249517729039999722e+03
4.249517134679999799e+03
4.249516540319998967e+03
4.249516540319998967e+03
4.249516540319998967e+03
4.249517134679999799e+03
4.249518027743999482e+03
4.249519219511999836e+03
4.249520112575999519e+03
4.249521005639999203e+03
4.249522493063999718e+03
4.249523980487999324e+03
4.249524873551999008e+03
4.249526360975999523e+03
4.249527254039999207e+03
4.249528744511999321e+03
4.249529933231999166e+03
4.249531719359999443e+03
4.249533804191999479e+03
4.249535590319998846e+03
4.249538565167999877e+03
4.249540948703999675e+03
4.249543030487999204e+03
4.249545410975999403e+03
4.249547495807999439e+03
4.249549876295999638e+03
4.249551662423999915e+03
4.249553747255999951e+03
4.249555829039999480e+03
4.249558212575999278e+03
4.249560593063999477e+03
4.249562973551999676e+03
4.249565354039999875e+03
4.249568331935999595e+03
4.249570712423999794e+03
4.249572797255999831e+03
4.249575177743999120e+03
4.249577262575999157e+03
4.249578749999999673e+03
4.249580237423999279e+03
4.249590954191999117e+03
4.249095355487998859e+03
4.248848598551999203e+03
4.248628334831999382e+03
4.248446466767999482e+03
4.248302399999999579e+03
4.248188993063999987e+03
4.248098802743998931e+03
4.248025281935999374e+03
4.247961584831999062e+03
4.247905922255999940e+03
4.247855023703999905e+03
4.247809480487999281e+03
4.247767512575999717e+03
4.247730006935998972e+03
4.247695777895999527e+03
4.247665416767998977e+03
4.247638329191999219e+03
4.247614813872000013e+03
4.247593679040000097e+03
4.247575820807999662e+03
4.247560044359999665e+03
4.247546352743999705e+03
4.247535041615999944e+03
4.247525815319999310e+03
4.247793109679999361e+03
4.247962477895999655e+03
4.248327701447999971e+03
4.250594651447999240e+03
4.250598223703999793e+03
4.250626499999999396e+03
4.279631018063999363e+03
4.352296051295998950e+03
4.465781665319998865e+03
4.498329184679999344e+03
4.558546533383999304e+03
4.556272438871999839e+03
4.556062590167999588e+03
4.556574858383999526e+03
4.558285191767999095e+03
4.557756254039999476e+03
4.557631834679999884e+03
4.557529440167999383e+03
4.557445799999999508e+03
4.557377338871999200e+03
4.557319890167999802e+03
4.557268991615999767e+03
4.557104387423999469e+03
4.557036224999999831e+03
4.557004970807999598e+03
4.556975502743999641e+03
4.556948415167998974e+03
4.556922818063999330e+03
4.556899004039999454e+03
4.556876086127998860e+03
4.556854655639999692e+03
4.556834413871999459e+03
4.556816555639999024e+03
4.556798993063999660e+03
4.556782622255999740e+03
4.556766547103999073e+03
4.556751962423999430e+03
4.556737377743998877e+03
4.556723091767998994e+03
4.556709994511999867e+03
4.556697790319999513e+03
4.556686180487999081e+03
4.556674274999999398e+03
4.556663262575999397e+03
4.556652247103998889e+03
4.556641533383999558e+03
4.556632008383999164e+03
4.556622184679999918e+03
4.556612360975999763e+03
4.556603134680000039e+03
4.556593908383999405e+03
4.556585572103998857e+03
4.556577238871999725e+03
4.556568905639999684e+03
4.556561166767999566e+03
4.556553129191999687e+03
4.556545390319999569e+03
4.556537651447999451e+03
4.556530805639999016e+03
4.556179273703999570e+03
4.556032826447999469e+03
4.555898879039999883e+03
4.555781305487998907e+03
4.555683080639999389e+03
4.555602710975999798e+03
4.555537526447999880e+03
4.555482458231999772e+03
4.555435726295999302e+03
4.555395544512000015e+03
4.555359824999999546e+03
4.555328570807999313e+03
4.555301187575999393e+03
4.555276779191999594e+03
4.555255348703999516e+03
4.555236298703999637e+03
4.556106941615999858e+03
4.555868816615999094e+03
4.555768506935999540e+03
4.555675936127999194e+03
4.555595865167999364e+03
4.555531274999999368e+03
4.555483948703999886e+03
4.555443465167999420e+03
4.555412509679999857e+03
4.555385720807999860e+03
4.555363695959998950e+03
4.555344645959999070e+03
4.555327677743999629e+03
4.555311901295999633e+03
4.555298508383999433e+03
4.555286602895999749e+03
4.555276779191999594e+03
4.555349705639999229e+03
4.554802909680000084e+03
4.554688609679999900e+03
4.554593359679999594e+03
4.554515077895999639e+03
4.554000130487998831e+03
4.553979891767999106e+03
